2.0
-0.1138645392631367492253247064581955783069133758544921875
0.01492007104026733636803481175547858583740890026092529296875
0.006742863562001340411999894541850153473205864429473876953125
0.1069344093483885760331730807592975907027721405029296875
0.2009574061539243505780660825621453113853931427001953125
-0.056528311676888161330101212342924554832279682159423828125
0.060579606715592752841370582927993382327258586883544921875
-0.1266042602635926161980250981287099421024322509765625
-1 1 -1 1 -1
1 0 -1 0 1
1 -1 -1 0 1
0 1 0 0 0
1 -1 -1 -1 0
-1 0 -1 -1 1
-1 0 -1 1 -1
-1 -1 -1 -1 1
