-4.8713451936744030883492765566201137708603212414607719151590438582322588185640993 0.000000000045805789307986333058088928122234744484102554835618131656752484517666939301645754
-4.0619466758754743068924555969826815565200531393374836517836289658192638939182674 0.000000049770789816307940522786335371470030587120060133690237778922136406309413978330027
-3.3789320911414940833832706928904172432655102918216169732806411711035819005794362 0.0000071122891400213095835332737621840884323392509488450263971530223088867088585508274
-2.7577629157038887309264034957395328249809368620407726143391171697445226075510577 0.00029864328669775304115133664305948734260819608354608859444994403510803128917310989
-2.1735028266666208192753790714879429361931841051736504688344344819766843034477828 0.0050673499576275379117006949587871530731871296643156280107391365004677379810597502
-1.6129243142212313331128825445363943583631779639764447529746741304978794611175557 0.040920034149756279809499487785388388886822550079527843995578329260477847634312383
-1.067648725743450553630457737989176074609296755460102085809485190954061181203797 0.17264829767009707921764519621875133935637879040381143263439278644315843944256134
-0.53163300134265473134908655371762809415048485742904956738018948652253865201456169 0.40182646947041195657763508525700513532988755502159989367805339545946234036786589
-2.6937227152356526676790661584940304816246796554345863387896013610951130030772286e-86 0.5309179376248635603318831033787892074583856719065622872828744792531669360892083
0.53163300134265473134908655371762809415048485742904956738018948652253865201456169 0.40182646947041195657763508525700513532988755502159989367805339545946234036786589
1.067648725743450553630457737989176074609296755460102085809485190954061181203797 0.17264829767009707921764519621875133935637879040381143263439278644315843944256134
1.6129243142212313331128825445363943583631779639764447529746741304978794611175557 0.040920034149756279809499487785388388886822550079527843995578329260477847634312383
2.1735028266666208192753790714879429361931841051736504688344344819766843034477828 0.0050673499576275379117006949587871530731871296643156280107391365004677379810597502
2.7577629157038887309264034957395328249809368620407726143391171697445226075510577 0.00029864328669775304115133664305948734260819608354608859444994403510803128917310989
3.3789320911414940833832706928904172432655102918216169732806411711035819005794362 0.0000071122891400213095835332737621840884323392509488450263971530223088867088585508274
4.0619466758754743068924555969826815565200531393374836517836289658192638939182674 0.000000049770789816307940522786335371470030587120060133690237778922136406309413978330027
4.8713451936744030883492765566201137708603212414607719151590438582322588185640993 0.000000000045805789307986333058088928122234744484102554835618131656752484517666939301645754
