-5.0483640088744667683720375788536521210964511478334836363682077716629912477776898 0.000000000007828199772115891029251474710119984043672573047094982333814686223502261125421041
-4.248117873568126463023420160902081245461348125957106255695274514756009649652528 0.000000010467205795792082444355960843509819820755761156289698931090442855490154293554271
-3.573769068486266079500675993771889457939310976680155072886363189116486209988839 0.0000018106544810934304095970238591068285859953623396886573694309914348524169865104019
-2.9613775055316068447786325490618382146613988430530888246122736256776372065309053 0.000091811268679294035291467540737130040336069226674711402751075336182821430198397063
-2.3862990891666860002645930142399451367070333328476813355963864723225164155079863 0.0018885226302684178943817532542565569075515517410231708044212715009417886086832961
-1.8355316042616288922538394440906011492669936367257391043281831396085379064370517 0.018640042387544651921931522197299590088324316114974410552496867883721578476703908
-1.3009208583896173656662655543926105802181346396612265227723097758827826300841412 0.097301747641315429330853723415540075492477396776977749518267494304376937293267362
-0.77668291926741166131665946228385229472871321449050226206031011050222076498982325 0.28480728566997957859560682071267042880902268444711077510798248121134993438842729
-0.25826775051909675925811609871057963300171513532774343241308610431680571649799548 0.48349569472545555287641052214099738501253690959265932872682136027419018796759277
0.25826775051909675925811609871057963300171513532774343241308610431680571649799548 0.48349569472545555287641052214099738501253690959265932872682136027419018796759277
0.77668291926741166131665946228385229472871321449050226206031011050222076498982325 0.28480728566997957859560682071267042880902268444711077510798248121134993438842729
1.3009208583896173656662655543926105802181346396612265227723097758827826300841412 0.097301747641315429330853723415540075492477396776977749518267494304376937293267362
1.8355316042616288922538394440906011492669936367257391043281831396085379064370517 0.018640042387544651921931522197299590088324316114974410552496867883721578476703908
2.3862990891666860002645930142399451367070333328476813355963864723225164155079863 0.0018885226302684178943817532542565569075515517410231708044212715009417886086832961
2.9613775055316068447786325490618382146613988430530888246122736256776372065309053 0.000091811268679294035291467540737130040336069226674711402751075336182821430198397063
3.573769068486266079500675993771889457939310976680155072886363189116486209988839 0.0000018106544810934304095970238591068285859953623396886573694309914348524169865104019
4.248117873568126463023420160902081245461348125957106255695274514756009649652528 0.000000010467205795792082444355960843509819820755761156289698931090442855490154293554271
5.0483640088744667683720375788536521210964511478334836363682077716629912477776898 0.000000000007828199772115891029251474710119984043672573047094982333814686223502261125421041
