-5.2202716905374821646096714250026757375338841421196504850101592011395429823761975 0.0000000000013262970944985157518528915438496683443743076644037070232617992406805430075750987
-4.4285328066037794372349853222589335394362582280419617711691500602159209442022676 0.000000002163051009863554750196930772212759875203092045498277423467477646008840018440215
-3.762187351964020097514893941035917958685813528333513546029782584435979944865509 0.00000044882431472231229517944791559376974031192587659497076495545830482143243451922941
-3.1578488183476022818431803411990982582237424601153605907073225821281217882717977 0.000027209197763161625771194102521373649962332416219694250297950865517013747776973306
-2.5911337897945425649212808411156340751926073838825086184594273603429751873242036 0.00067087752140718110619469628210007004910089446845112448921443672071631605853137695
-2.0492317098506193757505083866867597345692762655536273896545018091050459775891779 0.0079888667777229902092221149186119416502469615561116952608573749299108202343023206
-1.5241706193935330318335485936658852989953833294790862271310130654554137074661499 0.0508103869090520673569908110358165569826702140801868533678833181671064337175809
-1.0103683871343113513685987372614974785185487460228010593447487227108436145877647 0.1836327013069970741561484857657583633840087270003941532930412011855612151411949
-0.50352016342388820937381176504968840015781013586494398719134855780829904142554559 0.3916089886130302445040423136212175088340425300581154855465914053570994490929706
4.6585590072922256859494936929149421072343571541965604855740264672008711529272202e-87 0.50297488827618653084073136109569503864478642601674321953114424350300025524240787
0.50352016342388820937381176504968840015781013586494398719134855780829904142554559 0.3916089886130302445040423136212175088340425300581154855465914053570994490929706
1.0103683871343113513685987372614974785185487460228010593447487227108436145877647 0.1836327013069970741561484857657583633840087270003941532930412011855612151411949
1.5241706193935330318335485936658852989953833294790862271310130654554137074661499 0.0508103869090520673569908110358165569826702140801868533678833181671064337175809
2.0492317098506193757505083866867597345692762655536273896545018091050459775891779 0.0079888667777229902092221149186119416502469615561116952608573749299108202343023206
2.5911337897945425649212808411156340751926073838825086184594273603429751873242036 0.00067087752140718110619469628210007004910089446845112448921443672071631605853137695
3.1578488183476022818431803411990982582237424601153605907073225821281217882717977 0.000027209197763161625771194102521373649962332416219694250297950865517013747776973306
3.762187351964020097514893941035917958685813528333513546029782584435979944865509 0.00000044882431472231229517944791559376974031192587659497076495545830482143243451922941
4.4285328066037794372349853222589335394362582280419617711691500602159209442022676 0.000000002163051009863554750196930772212759875203092045498277423467477646008840018440215
5.2202716905374821646096714250026757375338841421196504850101592011395429823761975 0.0000000000013262970944985157518528915438496683443743076644037070232617992406805430075750987
