-5.3874808900112328620169004106811207539962864490659148897357653298097651440391233 0.00000000000022293936455341512925225006160290957848624406978143974682080863249131399147894744
-4.6036824495507442730776752489783475851133984877619236535623309427977256632122876 0.00000000043993409922731805536288514554679282156149567485462943272052448693569490062444345
-3.9447640401156252103756288005244118071497681278883130206476623901177330863343239 0.00000010860693707692816939995245634471634311849315856024622218330758066002932608374147
-3.3478545673832163269149245229964636985104785902936770565339899723093751567634667 0.0000078025564785320636941459919996475691011150746276633888300029217187751152406329582
-2.7888060584281304805250337564031854106706988879020439739647127991676552374193715 0.00022833863601635396725714591796349553922890557930546067898234130872146519320219479
-2.2549740020892755230823333447345651280822653160263961513124221943516203923517835 0.0032437733422378618321832471323537054427564657639379999831457038013725928975876257
-1.7385377121165862067808656621364064429514094196003998944648185723824798213797396 0.02481052088746361088216495255894039440066580288108799116611394493128600246865466
-1.2340762153953230078858183469594102295854459300693623871269654216903702823123912 0.10901720602002332001375503353542557708425879259281645416486004058078189354650518
-0.73747372854539435870560514425210422907721620397679418729684220999562576233713182 0.28667550536283412971965970622808791682376373796339074100507781726153899022892209
-0.24534070830090124990383653063361662396613385130348573487859240377534879470150368 0.4622436696006100896503286398612081142142610585728867745492609883461099672478914
0.24534070830090124990383653063361662396613385130348573487859240377534879470150368 0.4622436696006100896503286398612081142142610585728867745492609883461099672478914
0.73747372854539435870560514425210422907721620397679418729684220999562576233713182 0.28667550536283412971965970622808791682376373796339074100507781726153899022892209
1.2340762153953230078858183469594102295854459300693623871269654216903702823123912 0.10901720602002332001375503353542557708425879259281645416486004058078189354650518
1.7385377121165862067808656621364064429514094196003998944648185723824798213797396 0.02481052088746361088216495255894039440066580288108799116611394493128600246865466
2.2549740020892755230823333447345651280822653160263961513124221943516203923517835 0.0032437733422378618321832471323537054427564657639379999831457038013725928975876257
2.7888060584281304805250337564031854106706988879020439739647127991676552374193715 0.00022833863601635396725714591796349553922890557930546067898234130872146519320219479
3.3478545673832163269149245229964636985104785902936770565339899723093751567634667 0.0000078025564785320636941459919996475691011150746276633888300029217187751152406329582
3.9447640401156252103756288005244118071497681278883130206476623901177330863343239 0.00000010860693707692816939995245634471634311849315856024622218330758066002932608374147
4.6036824495507442730776752489783475851133984877619236535623309427977256632122876 0.00000000043993409922731805536288514554679282156149567485462943272052448693569490062444345
5.3874808900112328620169004106811207539962864490659148897357653298097651440391233 0.00000000000022293936455341512925225006160290957848624406978143974682080863249131399147894744
