-5.5503518732646782452296868771013830133279510673000690979180055883936495569602471 0.000000000000037203650701360492621585750125702010354602984005828355484675269442051561481054056
-4.7739923434112194297015095771153415601206029063967963389389854289691539070422252 0.00000000008818611242049951594159495320098400829076384529934793384366952258967762643728745
-4.1219955474918400208169006772766023231078816342574386255891534250294890136314542 0.000000025712301800593137047755876234452621439787482299964758582479200783964220829351433
-3.5319728771376777391713832826226777406924328783379479002923161878589279800809032 0.0000021718848980566695828734983686927446950508147754443314069675753982670254613277371
-2.9799912077045980025377278175276951608514922200561804397932407471758114111936451 0.000074783988673100611690978599513772770194731140779624011555108168351475737436079248
-2.4535521245128380020007354061574517263370186439402527935969858877328254457761096 0.0012549820417264105458521023572578769808821527817708346172951233515549770461488236
-1.9449629491862538419019167154739941758325713632893342703456927760359074006327062 0.011414065837434383376584504728687489968441565897923691056409830077024749034573514
-1.4489342506507319626572931486768165026515594291770507443809978789122786441633233 0.060179646658912267171664179281184842453835068429250572045761832900171640405931351
-0.96149963441836906427942227135249608415911285366150605086211220567263439937856266 0.19212032406699775612908246073929395196160493148987445489779687669494956978184413
-0.47945070707910757629459810351342115862681340860664724055474137118288806208596138 0.38166907361350209827041664156393745842739654121976904274087807647922128846820518
-1.1282101616975337503062503616233314298219360102226101081963767972309018607573241e-86 0.47902370312017764841974415342447146537598707239689830431537547000285738594515035
0.47945070707910757629459810351342115862681340860664724055474137118288806208596138 0.38166907361350209827041664156393745842739654121976904274087807647922128846820518
0.96149963441836906427942227135249608415911285366150605086211220567263439937856266 0.19212032406699775612908246073929395196160493148987445489779687669494956978184413
1.4489342506507319626572931486768165026515594291770507443809978789122786441633233 0.060179646658912267171664179281184842453835068429250572045761832900171640405931351
1.9449629491862538419019167154739941758325713632893342703456927760359074006327062 0.011414065837434383376584504728687489968441565897923691056409830077024749034573514
2.4535521245128380020007354061574517263370186439402527935969858877328254457761096 0.0012549820417264105458521023572578769808821527817708346172951233515549770461488236
2.9799912077045980025377278175276951608514922200561804397932407471758114111936451 0.000074783988673100611690978599513772770194731140779624011555108168351475737436079248
3.5319728771376777391713832826226777406924328783379479002923161878589279800809032 0.0000021718848980566695828734983686927446950508147754443314069675753982670254613277371
4.1219955474918400208169006772766023231078816342574386255891534250294890136314542 0.000000025712301800593137047755876234452621439787482299964758582479200783964220829351433
4.7739923434112194297015095771153415601206029063967963389389854289691539070422252 0.00000000008818611242049951594159495320098400829076384529934793384366952258967762643728745
5.5503518732646782452296868771013830133279510673000690979180055883936495569602471 0.000000000000037203650701360492621585750125702010354602984005828355484675269442051561481054056
