-5.7092013532052637773593430781167541632216962271197050213877666255509058718614189 0.0000000000000061671834244040488352770303372059639304422250550226519712377721035848041800688011
-4.9398341310601758878702132514204541163774544826686628812996214357734150000542546 0.000000000017443390075479928442831846052882320598233839339660540433237217856424927575445372
-4.2943124805931615157503079405989035170653750123948621842745005077913154068452317 0.0000000059669909860596527172813704153269454539244566787261273310919315004139214780376335
-3.7107015328778049148091775729098523756684320031693318650806237239628940808908465 0.00000058842875633010057804158511037311811565405209765387070941158607425567641535817399
-3.1652659092021374469871864920585128703556947116128367616204144347090493729708907 0.000023655128552510458047353744040972242296229404652054824163086316871008480991898806
-2.6456374410581727007984272390083349366905751083821774664234685013016292442087391 0.00046488505088425224418202549318284120078506012766199145925236819465814782383042363
-2.1442335927985344636196426065422870130572693114606780392645372629728356374649177 0.0049783993350516474047413887737700512566979524051299051572649636688360140496426805
-1.6558743732864224954377101097108778597874446917738899590715830532440054001218398 0.031140370884423848300699321548772715697620545822230959217623803941492544349507114
-1.1767139584812444474228252666694401570372055998254777222603374098804040645384057 0.11910236095878246597425244334523906103360388861378269842710189424995524390846605
-0.70368609717000693216644843204601964807932136733780483441844376431806087930987246 0.28697143324690711440102147922149573641854027931866777101171725114086725839861849
-0.23417913993099063509831078268364160583055661222311841236178640026853177028729778 0.44354522643495930144700463818592330202095013783034956984822822165056121356559409
0.23417913993099063509831078268364160583055661222311841236178640026853177028729778 0.44354522643495930144700463818592330202095013783034956984822822165056121356559409
0.70368609717000693216644843204601964807932136733780483441844376431806087930987246 0.28697143324690711440102147922149573641854027931866777101171725114086725839861849
1.1767139584812444474228252666694401570372055998254777222603374098804040645384057 0.11910236095878246597425244334523906103360388861378269842710189424995524390846605
1.6558743732864224954377101097108778597874446917738899590715830532440054001218398 0.031140370884423848300699321548772715697620545822230959217623803941492544349507114
2.1442335927985344636196426065422870130572693114606780392645372629728356374649177 0.0049783993350516474047413887737700512566979524051299051572649636688360140496426805
2.6456374410581727007984272390083349366905751083821774664234685013016292442087391 0.00046488505088425224418202549318284120078506012766199145925236819465814782383042363
3.1652659092021374469871864920585128703556947116128367616204144347090493729708907 0.000023655128552510458047353744040972242296229404652054824163086316871008480991898806
3.7107015328778049148091775729098523756684320031693318650806237239628940808908465 0.00000058842875633010057804158511037311811565405209765387070941158607425567641535817399
4.2943124805931615157503079405989035170653750123948621842745005077913154068452317 0.0000000059669909860596527172813704153269454539244566787261273310919315004139214780376335
4.9398341310601758878702132514204541163774544826686628812996214357734150000542546 0.000000000017443390075479928442831846052882320598233839339660540433237217856424927575445372
5.7092013532052637773593430781167541632216962271197050213877666255509058718614189 0.0000000000000061671834244040488352770303372059639304422250550226519712377721035848041800688011
