-5.8643094989845725653874841347434780752752553925984242939670435105848746205192726 0.0000000000000010160384620636723045611729005516740748325770257397036993899658418893138402644288
-5.1015346104766771296874976616538375708917720330078547888719930670979586330124017 0.0000000000034083140980305390166787111205317717660526297230085481988226530090576445528833372
-4.4620911737400066767318615707116166705071880511040497012265990624972356042248559 0.0000000013596296504028877670820841993765725058959727409536850028016541135778159518628095
-3.8844727081061018660724876028762311318460710903822296278231807870925505385533752 0.00000015553393291457663220117799946228075279456753494073531760205645362891887426509607
-3.3451271599412245724743981458521476382145012444867292693211072049206912765430791 0.0000072492959180022570395591678830912692493579355133538129378753135205704794339386357
-2.8318037871261569014480614073394669277394695912463703750055363011437685360507544 0.00016556169914187439557457106221187558789199195035930206344925020923749637320195195
-2.3370162114744557864462350217353463041090936207514399658737626299356914210323946 0.0020695678749606381580738366624235338590094949670377997137512104810892187995348082
-1.8556770376713710625150475371808643103625753684089087560618041641324594153398769 0.015207084004484129624512767926238733622703143631323724676270511796969305655658772
-1.3840395856824952373263471711801297190390645102292474350960708979351822500944004 0.068890289429087316988240683164095494638909565616296937571954523338043726277038749
-0.91915146544256376543171923959271293208365114964179188491218405217750444084347264 0.19864489857802259579385448226571243218260152337412465500993472445005980412425075
-0.45853835006810479775788732928363848096340385223576253963909269562466036130204539 0.37214382487756485989763676231341066502087560075395128433612846440162611574973546
-6.4921428202774735836811513309905540426566300695999314493907358883621669886788689e-87 0.45819658559321340283627701631905966253355285185790272586688088435055923873014381
0.45853835006810479775788732928363848096340385223576253963909269562466036130204539 0.37214382487756485989763676231341066502087560075395128433612846440162611574973546
0.91915146544256376543171923959271293208365114964179188491218405217750444084347264 0.19864489857802259579385448226571243218260152337412465500993472445005980412425075
1.3840395856824952373263471711801297190390645102292474350960708979351822500944004 0.068890289429087316988240683164095494638909565616296937571954523338043726277038749
1.8556770376713710625150475371808643103625753684089087560618041641324594153398769 0.015207084004484129624512767926238733622703143631323724676270511796969305655658772
2.3370162114744557864462350217353463041090936207514399658737626299356914210323946 0.0020695678749606381580738366624235338590094949670377997137512104810892187995348082
2.8318037871261569014480614073394669277394695912463703750055363011437685360507544 0.00016556169914187439557457106221187558789199195035930206344925020923749637320195195
3.3451271599412245724743981458521476382145012444867292693211072049206912765430791 0.0000072492959180022570395591678830912692493579355133538129378753135205704794339386357
3.8844727081061018660724876028762311318460710903822296278231807870925505385533752 0.00000015553393291457663220117799946228075279456753494073531760205645362891887426509607
4.4620911737400066767318615707116166705071880511040497012265990624972356042248559 0.0000000013596296504028877670820841993765725058959727409536850028016541135778159518628095
5.1015346104766771296874976616538375708917720330078547888719930670979586330124017 0.0000000000034083140980305390166787111205317717660526297230085481988226530090576445528833372
5.8643094989845725653874841347434780752752553925984242939670435105848746205192726 0.0000000000000010160384620636723045611729005516740748325770257397036993899658418893138402644288
