-6.015925561425739717348573508988387865104133615477457492639963635179314594443734 0.00000000000000016643684964891088737726253446085176848898964754689201723314774877012473714110811
-5.2593829276680443674307230439839564141500838340084390741645386614422184583580686 0.00000000000065846202430781700645620590868181973385232903031102835919891976835753703032545952
-4.6256627564237872650486492377625998996933375855021578254530867812422318581236172 0.00000000030462542699875639038859159728702259433435163076303596802419943656765331871438785
-4.0536644024481495039476629792328296700514154838481707618355304456629332170168739 0.000000040189711749414296845402128069770757746391967771431037836833107754035098871799797
-3.520006813034524711289872276085998470763578155004754058640199340166825021556775 0.0000021582457049023336322386400970389788681634006040639958163820134943819183450754025
-3.0125461375655648256545385842051166433049275064528183036409606295923665301349081 0.000056886916364043797690418463605898695428538194888045869992492677241799237306686134
-2.5238810170114269741990760233254263397093272389444692275688341521306373763564993 0.00082369248268841745791832422030784753852059360478981072141971317504063348825875342
-2.0490035736616989117870839953242925398698491245283688077190703602388969108187765 0.0070483558100726709700037559757988560428552642556881339506792977420444544066011004
-1.5842500109616941485056333620172654799837352287036836011999903380691207804858817 0.037445470503230746013330129636550521022542711566295481626469054728947148349375588
-1.1267608176112450721330612677301464463860239343459165940847846094027171717628701 0.12773962178455916064725502624334830590826464894127723358394461817139735935769032
-0.67417110703721223600024592373000524752728398803675501859960876367610755730861146 0.28617953534644301790189523874717713704713008496242019190904606466828606640857744
-0.22441454747251558515113671552650912099431961307414953545069071402429761802994158 0.42693116386869924965314790803562373593616810182329038223550389164148045561050263
0.22441454747251558515113671552650912099431961307414953545069071402429761802994158 0.42693116386869924965314790803562373593616810182329038223550389164148045561050263
0.67417110703721223600024592373000524752728398803675501859960876367610755730861146 0.28617953534644301790189523874717713704713008496242019190904606466828606640857744
1.1267608176112450721330612677301464463860239343459165940847846094027171717628701 0.12773962178455916064725502624334830590826464894127723358394461817139735935769032
1.5842500109616941485056333620172654799837352287036836011999903380691207804858817 0.037445470503230746013330129636550521022542711566295481626469054728947148349375588
2.0490035736616989117870839953242925398698491245283688077190703602388969108187765 0.0070483558100726709700037559757988560428552642556881339506792977420444544066011004
2.5238810170114269741990760233254263397093272389444692275688341521306373763564993 0.00082369248268841745791832422030784753852059360478981072141971317504063348825875342
3.0125461375655648256545385842051166433049275064528183036409606295923665301349081 0.000056886916364043797690418463605898695428538194888045869992492677241799237306686134
3.520006813034524711289872276085998470763578155004754058640199340166825021556775 0.0000021582457049023336322386400970389788681634006040639958163820134943819183450754025
4.0536644024481495039476629792328296700514154838481707618355304456629332170168739 0.000000040189711749414296845402128069770757746391967771431037836833107754035098871799797
4.6256627564237872650486492377625998996933375855021578254530867812422318581236172 0.00000000030462542699875639038859159728702259433435163076303596802419943656765331871438785
5.2593829276680443674307230439839564141500838340084390741645386614422184583580686 0.00000000000065846202430781700645620590868181973385232903031102835919891976835753703032545952
6.015925561425739717348573508988387865104133615477457492639963635179314594443734 0.00000000000000016643684964891088737726253446085176848898964754689201723314774877012473714110811
