-6.1642724340524517709324808434046364056264453775846701041069734209414383882906718 0.000000000000000027119235140384118852721417802828950436397966902949984996232094152519326250694466
-5.4136363552800338096668680499560505175820309477558072708614886623551080465743276 0.00000000000012588149877465461191866934497058026507403998552598525944250637013825055011897408
-4.785320367352224057257145668598121119303088428257808031198717376527656286644446 0.000000000067196384177062082558591838081337620866633798773754538357694981500178418867891429
-4.2186094443865613814390239158423756686426725351141942524870268733759340877087162 0.000000010170382503018460440195999400344234918014739509984567138112618986035706055573597
-3.6902828769983559016270815428228321570743891477316564431124961314754149696901908 0.00000062570324996911116204798450872812274754512118048503968923016712046616253277222689
-3.1882949244251047121595450097703310768999379608313579713407730098316821985055497 0.000018915972957340512315725742152613117915405460398538930270169349113021698471279068
-2.705320237173025993251557164122168553383205254315171969642826068209593596109449 0.00031508363874548411480033866324462594952469702004452585595814118894903613144074874
-2.2364201302672808702031057569806608749950248385657749225161327229235562476465399 0.0031157087201256334619715333132842289048800194362780840463166129581345474272741293
-1.7780011243371474581963086699218035441057847939052617199639353203672469627908786 0.019243098965408895497022334836191419201467151461347241162363963145254487788907273
-1.3272807020730839517874885184107672512956919680110944858145447185904360913676735 0.076888995175808785753547620172630191458268869392322493520252574683437910759046105
-0.88198275621382135637160922465593049200096812946026775444872584226557886033739731 0.20362113667812405056552045583830419178678625647252385072421321482247045592004461
-0.44014729864530830457861239150680331775139675597837344818835830615310995594856415 0.36308898927589062545779839953647919434911849282990725126992259944396581167921327
2.4573297798602251226623606415847427484989582562343498500792090765665702020166287e-86 0.43986872216948486672282593566629727603221073778358661683220564897653686918093806
0.44014729864530830457861239150680331775139675597837344818835830615310995594856415 0.36308898927589062545779839953647919434911849282990725126992259944396581167921327
0.88198275621382135637160922465593049200096812946026775444872584226557886033739731 0.20362113667812405056552045583830419178678625647252385072421321482247045592004461
1.3272807020730839517874885184107672512956919680110944858145447185904360913676735 0.076888995175808785753547620172630191458268869392322493520252574683437910759046105
1.7780011243371474581963086699218035441057847939052617199639353203672469627908786 0.019243098965408895497022334836191419201467151461347241162363963145254487788907273
2.2364201302672808702031057569806608749950248385657749225161327229235562476465399 0.0031157087201256334619715333132842289048800194362780840463166129581345474272741293
2.705320237173025993251557164122168553383205254315171969642826068209593596109449 0.00031508363874548411480033866324462594952469702004452585595814118894903613144074874
3.1882949244251047121595450097703310768999379608313579713407730098316821985055497 0.000018915972957340512315725742152613117915405460398538930270169349113021698471279068
3.6902828769983559016270815428228321570743891477316564431124961314754149696901908 0.00000062570324996911116204798450872812274754512118048503968923016712046616253277222689
4.2186094443865613814390239158423756686426725351141942524870268733759340877087162 0.000000010170382503018460440195999400344234918014739509984567138112618986035706055573597
4.785320367352224057257145668598121119303088428257808031198717376527656286644446 0.000000000067196384177062082558591838081337620866633798773754538357694981500178418867891429
5.4136363552800338096668680499560505175820309477558072708614886623551080465743276 0.00000000000012588149877465461191866934497058026507403998552598525944250637013825055011897408
6.1642724340524517709324808434046364056264453775846701041069734209414383882906718 0.000000000000000027119235140384118852721417802828950436397966902949984996232094152519326250694466
