-6.3095503856256935009045466569833405847666007957252997952840666909246108283556194 0.0000000000000000043969160947539018645682170636277613199055142682457653091849222675498462481091515
-5.5645249819501030971630644823785359416151490817481182041129461486289059092323434 0.000000000000023831486593721606489462672186112842456985990162867792711537950503785921826050601
-4.9413249572413790737914459448181014700234550761164823535984763913951384042228561 0.000000000014609999339816123694226939268069203390778082286571747804239145225148815293438456
-4.3796026629833049719125429236995486757733155174682326358941488008100727689693643 0.0000000025244940344905336870757814767162555022864584702310260992656968947946113322601217
-3.8562884199091490218073266667366358045323283559069246102062562256232563277371418 0.00000017701063373973563526857234378691947029074000380894681758306464645582176175159298
-3.3594271823508301366456712753395557101391202478326578819110140914053214268714756 0.0000061032917173960130402838434493808764567789925060908166820444894597814474223761533
-2.8817622195430872174834933119693657360336632383073351844922220636786600825185678 0.00011622970160310963002657457850686950238253091724628525348771020458957954510221584
-2.418415764773779147799016688510134219858822943813731678985794077412195211151124 0.0013190647223238573518483299195793450121912337820628385673130070996512663817525473
-1.9658547856411365752287508146569358009056755382778205852620871900561934666338819 0.0093979012911595795881594720761726961805324316189856745475578612800048595831803717
-1.5213615166519213667414239625591625137228084822271275873036697084535387439016825 0.043598227217250797729421781294402634613548458730559028484451037778086546568283644
-1.0827330110778833562325540511147341862147212867457264617152024675847309583713007 0.13511332791178785175730426969145292579253540358713354941087218450985987862287245
-0.64809521399344830968252143828699833458840446838492760982467036508334813160444342 0.28463224117678451716088618865902690596275520329007824887264021575833880253078117
-0.21577785624346343464515801219538137292624931031997371784840043085264570876941488 0.41204365059036929496890194590523830331417451425516318079380726763340558463917336
0.21577785624346343464515801219538137292624931031997371784840043085264570876941488 0.41204365059036929496890194590523830331417451425516318079380726763340558463917336
0.64809521399344830968252143828699833458840446838492760982467036508334813160444342 0.28463224117678451716088618865902690596275520329007824887264021575833880253078117
1.0827330110778833562325540511147341862147212867457264617152024675847309583713007 0.13511332791178785175730426969145292579253540358713354941087218450985987862287245
1.5213615166519213667414239625591625137228084822271275873036697084535387439016825 0.043598227217250797729421781294402634613548458730559028484451037778086546568283644
1.9658547856411365752287508146569358009056755382778205852620871900561934666338819 0.0093979012911595795881594720761726961805324316189856745475578612800048595831803717
2.418415764773779147799016688510134219858822943813731678985794077412195211151124 0.0013190647223238573518483299195793450121912337820628385673130070996512663817525473
2.8817622195430872174834933119693657360336632383073351844922220636786600825185678 0.00011622970160310963002657457850686950238253091724628525348771020458957954510221584
3.3594271823508301366456712753395557101391202478326578819110140914053214268714756 0.0000061032917173960130402838434493808764567789925060908166820444894597814474223761533
3.8562884199091490218073266667366358045323283559069246102062562256232563277371418 0.00000017701063373973563526857234378691947029074000380894681758306464645582176175159298
4.3796026629833049719125429236995486757733155174682326358941488008100727689693643 0.0000000025244940344905336870757814767162555022864584702310260992656968947946113322601217
4.9413249572413790737914459448181014700234550761164823535984763913951384042228561 0.000000000014609999339816123694226939268069203390778082286571747804239145225148815293438456
5.5645249819501030971630644823785359416151490817481182041129461486289059092323434 0.000000000000023831486593721606489462672186112842456985990162867792711537950503785921826050601
6.3095503856256935009045466569833405847666007957252997952840666909246108283556194 0.0000000000000000043969160947539018645682170636277613199055142682457653091849222675498462481091515
