-6.4519401407534719685981772295703800412827553942930976033659852536580259495856512 0.00000000000000000070957792970513468120287897093260806470971881818511620786142063417720033871479698
-5.7122555528165366544280389572774323092877208330463777303720880045035785097650948 0.0000000000000044707724573931246285709088050646022742895398570406724452734506277135284321480619
-5.0939100031131838921457302821133675504938843917259048747379472836988153756440851 0.0000000000031341176136230377532390140458123495639546483214192545600360856403865832187810632
-4.5369066633724417512418323779232234141590367388610510705395748064682810957212781 0.00000000061550315782317906584456485345865013911398055113941560660258232095783088888881442
-4.0183186704087389185325921765253270812987858866884832224287479344070402378285799 0.000000048954004096995493199723908862956682972646890637778972488280718516235515372873927
-3.5262753401343531783673469272006046040292257560373750852007064520059400266762141 0.0000019152809005952956654525718436504737043987282408896891593464665880331449447889022
-3.0535824198222552774822324390486746579053374704055450603437622736759325340187712 0.000041467580043841368674967591652907482693309155922456696152689689002032622041641611
-2.595416338910818261197141210221972677731694947723231094220915420143439839511692 0.00053676961568811187978609019200471492531270168818801479377483958642795413269360869
-2.1482966453616273646831135622946615125176262738159121129192667195845634360754766 0.0043812798357925422653505491469677359717077091835573838274230939999292242334317152
-1.7095607392603373502754007516972037558069086929611939548884766919631559682009706 0.023415933625341911855187132298058325258797022164354536271892745100331988977392783
-1.2770668173398579881793213377447974754881872716396966953836537622046159043737892 0.084173081084051953503583049122537877635813925630774698994445050126424317193233663
-0.84901134206010306228245529330997808196582341558526744082977728606416880994537268 0.20737048075100944114172259401084763336945872485055848362576197833134847352816466
-0.42380790054385304107199886480296154936423242819694773764233520757143600348524385 0.35451730409975402178045968193104063080405967716334720431821933455902449952701001
1.4747235230691759912683773277377859970039358900273937220616926630458211133697613e-86 0.42357728801505950128864719730828626580879552527308340880138321753296142958164406
0.42380790054385304107199886480296154936423242819694773764233520757143600348524385 0.35451730409975402178045968193104063080405967716334720431821933455902449952701001
0.84901134206010306228245529330997808196582341558526744082977728606416880994537268 0.20737048075100944114172259401084763336945872485055848362576197833134847352816466
1.2770668173398579881793213377447974754881872716396966953836537622046159043737892 0.084173081084051953503583049122537877635813925630774698994445050126424317193233663
1.7095607392603373502754007516972037558069086929611939548884766919631559682009706 0.023415933625341911855187132298058325258797022164354536271892745100331988977392783
2.1482966453616273646831135622946615125176262738159121129192667195845634360754766 0.0043812798357925422653505491469677359717077091835573838274230939999292242334317152
2.595416338910818261197141210221972677731694947723231094220915420143439839511692 0.00053676961568811187978609019200471492531270168818801479377483958642795413269360869
3.0535824198222552774822324390486746579053374704055450603437622736759325340187712 0.000041467580043841368674967591652907482693309155922456696152689689002032622041641611
3.5262753401343531783673469272006046040292257560373750852007064520059400266762141 0.0000019152809005952956654525718436504737043987282408896891593464665880331449447889022
4.0183186704087389185325921765253270812987858866884832224287479344070402378285799 0.000000048954004096995493199723908862956682972646890637778972488280718516235515372873927
4.5369066633724417512418323779232234141590367388610510705395748064682810957212781 0.00000000061550315782317906584456485345865013911398055113941560660258232095783088888881442
5.0939100031131838921457302821133675504938843917259048747379472836988153756440851 0.0000000000031341176136230377532390140458123495639546483214192545600360856403865832187810632
5.7122555528165366544280389572774323092877208330463777303720880045035785097650948 0.0000000000000044707724573931246285709088050646022742895398570406724452734506277135284321480619
6.4519401407534719685981772295703800412827553942930976033659852536580259495856512 0.00000000000000000070957792970513468120287897093260806470971881818511620786142063417720033871479698
