-6.5916054423677425440127852150015672978732726059154798865167032082329574857395975 0.00000000000000000011401393479036761638111730062245230186822048559979905010492805900012560218963299
-5.857014641382850644987752330175007451395844339899988680980138049394383366665064 0.00000000000000083159379512068298818205008056694816262444085005812729060926031045200275413985282
-5.2432853732029359815160753995476892476602869959375793225799342738517899192498202 0.000000000000663943671490966363581341113097643664478207114793806004283723451155193957880084
-4.6907565239431179253602721344048622163292649307584811637995896250300618516727395 0.00000000014758531682776886141555192126511949766957471880679943524522791401286276277956058
-4.1766367421292683593917002764845778260842945791255398639817767960785053628351992 0.000000013256825015417078152372012524232002432858879594644875448862705745641600603916498
-3.6891342384616794907588123364255237649433590593015345840563568987418959937761759 0.00000058577197209929817340349796654540196741695043844593996594685367449999574849358749
-3.2211120765614555476012914320519139944377291334702069655635847895012060052541029 0.000014345504229714415313258930020413936744576946582756433534424036593184459944928421
-2.7677953529135937632624735289891190230159103442176241336016519748867245913634205 0.0002106181000240323309183750307168382947787829520704002929870678528364415254166492
-2.3257498426564410217712061342763373050852196822715390973035147627262268938326664 0.0019573312944089896156751291213327624238708981901922179352714535311170654070691128
-1.892360496837685345971275944256557611692970786675570671952060344969422990849206 0.011968423214354818786601391678008890763283834746850126606270642619266562078302876
-1.4655372634574091896064783210277450746359859009920069340077286157672877812160365 0.049514889289898139878143218147492611208458972540024952548749378925011891431285182
-1.043535273754208274794804541236774963752024639030146939765393866542887160883109 0.14139460978695493070377815146252056948207366173476456933138910279798721473841468
-0.62483671950520922740624699252930399200722509275031038654996367149959697181651775 0.28256139125938873511761063378562712552641072419547531894709376724059469594322296
-0.20806738269073686914100435758422915896961841925242509943315508239118112117545416 0.39860471782645144587872314439238524931976841804124732919610287723006704424525414
0.20806738269073686914100435758422915896961841925242509943315508239118112117545416 0.39860471782645144587872314439238524931976841804124732919610287723006704424525414
0.62483671950520922740624699252930399200722509275031038654996367149959697181651775 0.28256139125938873511761063378562712552641072419547531894709376724059469594322296
1.043535273754208274794804541236774963752024639030146939765393866542887160883109 0.14139460978695493070377815146252056948207366173476456933138910279798721473841468
1.4655372634574091896064783210277450746359859009920069340077286157672877812160365 0.049514889289898139878143218147492611208458972540024952548749378925011891431285182
1.892360496837685345971275944256557611692970786675570671952060344969422990849206 0.011968423214354818786601391678008890763283834746850126606270642619266562078302876
2.3257498426564410217712061342763373050852196822715390973035147627262268938326664 0.0019573312944089896156751291213327624238708981901922179352714535311170654070691128
2.7677953529135937632624735289891190230159103442176241336016519748867245913634205 0.0002106181000240323309183750307168382947787829520704002929870678528364415254166492
3.2211120765614555476012914320519139944377291334702069655635847895012060052541029 0.000014345504229714415313258930020413936744576946582756433534424036593184459944928421
3.6891342384616794907588123364255237649433590593015345840563568987418959937761759 0.00000058577197209929817340349796654540196741695043844593996594685367449999574849358749
4.1766367421292683593917002764845778260842945791255398639817767960785053628351992 0.000000013256825015417078152372012524232002432858879594644875448862705745641600603916498
4.6907565239431179253602721344048622163292649307584811637995896250300618516727395 0.00000000014758531682776886141555192126511949766957471880679943524522791401286276277956058
5.2432853732029359815160753995476892476602869959375793225799342738517899192498202 0.000000000000663943671490966363581341113097643664478207114793806004283723451155193957880084
5.857014641382850644987752330175007451395844339899988680980138049394383366665064 0.00000000000000083159379512068298818205008056694816262444085005812729060926031045200275413985282
6.5916054423677425440127852150015672978732726059154798865167032082329574857395975 0.00000000000000000011401393479036761638111730062245230186822048559979905010492805900012560218963299
