-6.7286951986088499628227509011343648754946036379401799723373507284720613030291505 0.000000000000000000018244608527672453363499134517109170312280992017532810037284049814847887008939142
-5.9989712894638202106470388719934372957796597269159460795224754749729512077950816 0.00000000000000015345004446053208491679877108269078758228023955315353030946927594672678000578532
-5.3896405219667516537422420619982905990945098118284105898425338825765335018981784 0.00000000000013901072714495980288619944230617028284430076352771268771793459520419554271675212
-4.8413636510591640675156351981716763080157298307539739884945423340247631880026014 0.000000000034841301613084339984470256439212780584590854397683406105684830898341225149389075
-4.3314782938191503921920460723886614760659420565229862653873416550799132864760128 0.0000000035203123276006983629327872698417396916639005832277132333376234982830442558318884
-3.8482667922136200802000234678369081123912810369428905603829658302063410997021265 0.00000017492291299499483576795948706408966200861847633978821514157137990306349191431739
-3.3846451410922140749372574795891727929983234860860823587091284456555025003033513 0.000004823073497647770212641905397090416501243902296798990296260277468998883640145458
-2.9358825042901264848559595984296730914786438877260588954161314945769187879983474 0.000079909203545218049159598195112254989230559938985104774175874942554668737896393257
-2.4985856910194042425665492100138301664414274300644807189727262319092616043591444 0.00084079250614026261599918537908369673552061702384680644540254363883587144445219863
-2.0701810760534277408002174964832165787699879190007733545213512307067694635622448 0.0058455035452715096477583214256923573844905322652724821834555678362310183015028374
-1.6486229138923164114109474858074410908807984652615242683463944783954056530399742 0.02763965559202368832634302549650418131990429817834172251992176322672197830472357
-1.2322157550847529038085922545646698935118477122470676141970443882177777485071888 0.090768842215578159768624473258301793509631865657800596594353585432348842987975063
-0.81949868127091157929870117011461486627659581347811606136466862369390499636665473 0.21014269444921062103497347231995707022707127363235787937058746080626904854631111
-0.40916463639492873677830190369976551866544113806163455716543786315433146576426794 0.34641893907167018637537222180230813438181493966240514510665890177319523859951053
-1.819042865766760943112868140052668201826495930800701452288539582440139314590781e-86 0.4089711746352298633131766042976557049188370588843563947047837962387213802857253
0.40916463639492873677830190369976551866544113806163455716543786315433146576426794 0.34641893907167018637537222180230813438181493966240514510665890177319523859951053
0.81949868127091157929870117011461486627659581347811606136466862369390499636665473 0.21014269444921062103497347231995707022707127363235787937058746080626904854631111
1.2322157550847529038085922545646698935118477122470676141970443882177777485071888 0.090768842215578159768624473258301793509631865657800596594353585432348842987975063
1.6486229138923164114109474858074410908807984652615242683463944783954056530399742 0.02763965559202368832634302549650418131990429817834172251992176322672197830472357
2.0701810760534277408002174964832165787699879190007733545213512307067694635622448 0.0058455035452715096477583214256923573844905322652724821834555678362310183015028374
2.4985856910194042425665492100138301664414274300644807189727262319092616043591444 0.00084079250614026261599918537908369673552061702384680644540254363883587144445219863
2.9358825042901264848559595984296730914786438877260588954161314945769187879983474 0.000079909203545218049159598195112254989230559938985104774175874942554668737896393257
3.3846451410922140749372574795891727929983234860860823587091284456555025003033513 0.000004823073497647770212641905397090416501243902296798990296260277468998883640145458
3.8482667922136200802000234678369081123912810369428905603829658302063410997021265 0.00000017492291299499483576795948706408966200861847633978821514157137990306349191431739
4.3314782938191503921920460723886614760659420565229862653873416550799132864760128 0.0000000035203123276006983629327872698417396916639005832277132333376234982830442558318884
4.8413636510591640675156351981716763080157298307539739884945423340247631880026014 0.000000000034841301613084339984470256439212780584590854397683406105684830898341225149389075
5.3896405219667516537422420619982905990945098118284105898425338825765335018981784 0.00000000000013901072714495980288619944230617028284430076352771268771793459520419554271675212
5.9989712894638202106470388719934372957796597269159460795224754749729512077950816 0.00000000000000015345004446053208491679877108269078758228023955315353030946927594672678000578532
6.7286951986088499628227509011343648754946036379401799723373507284720613030291505 0.000000000000000000018244608527672453363499134517109170312280992017532810037284049814847887008939142
