-6.863345293529891581061108357555026621483711048091473191109438239998187181595787 0.0000000000000000000029082547001312262294110274736512803001111428075233484836923419195400393363689749
-6.1382792201239346203949923785375795010650976900989716657634180429604515527979176 0.000000000000000028103336027509037087627749153397985847331241987860980427548621862961995642903416
-5.5331471515674957251183335555803967332562582810899169424972486590869047593145967 0.000000000000028786070805487060621923979114156976811948096300838767451366519582986448500679479
-4.9889189685899439444864971063309542953809558829871568428497326969767320544270489 0.0000000000081061862974630442039934479617306500052500646898427025635169557785669069532166683
-4.4830553570925183418870376197091052160995395308864698129080566825200654429345238 0.00000000091785804243785282085007574249241774902502243733310116528335257648252024913410157
-4.003908603861228815227876013321818076299208459902075297492767592901869993664615 0.00000005108522450775946277389632044028376898650679853092962128866807731124967357634807
-3.544443873155349886925400902168363649838349904055592526215203322768846952527596 0.0000015790948873247102883463879402189136085001637656903178069120964128483254253485562
-3.0999705295864417486887333223746390193308538203442863702059811202285701607683892 0.000029387252289229876415011842341186905891332273233796486913059350230272497651297935
-2.6671321245356172005711064642208749174192246351126647773941389741030067476883311 0.00034831012431868552342099532318253566037257345355200250637371490808021932515763043
-2.2433914677615040724729799948250613617699072057549839019270092101193836209886872 0.0027379224730676584629894256895266263787148938867200257637094411505812011887739124
-1.8267411436036880388358804835061281461296893316381316671947076683560581558457792 0.014703829704826683515277355778702256531326965409807250665211419132499432226658233
-1.4155278001981885119407251055475798225289198683132580539473913973142919985620624 0.055144176870234251168075494818301630965157162116026909978901769764163785658066349
-1.0083382710467234618049896086964179058476157910821486425523235707514893753438516 0.14673584754089009975169364315184172174126480953629479615412689968684142992720963
-0.60392105862555230777815567875734181699774456998025870595321061626566229900925298 0.28013093083921266741349321129343408204728157117698700111422639136575132554378487
-0.20112857654887148554576301324369218569341077745376790229216301060542807588599685 0.3863948895418138625556018491651224636809651966592859824394151615209931415401309
0.20112857654887148554576301324369218569341077745376790229216301060542807588599685 0.3863948895418138625556018491651224636809651966592859824394151615209931415401309
0.60392105862555230777815567875734181699774456998025870595321061626566229900925298 0.28013093083921266741349321129343408204728157117698700111422639136575132554378487
1.0083382710467234618049896086964179058476157910821486425523235707514893753438516 0.14673584754089009975169364315184172174126480953629479615412689968684142992720963
1.4155278001981885119407251055475798225289198683132580539473913973142919985620624 0.055144176870234251168075494818301630965157162116026909978901769764163785658066349
1.8267411436036880388358804835061281461296893316381316671947076683560581558457792 0.014703829704826683515277355778702256531326965409807250665211419132499432226658233
2.2433914677615040724729799948250613617699072057549839019270092101193836209886872 0.0027379224730676584629894256895266263787148938867200257637094411505812011887739124
2.6671321245356172005711064642208749174192246351126647773941389741030067476883311 0.00034831012431868552342099532318253566037257345355200250637371490808021932515763043
3.0999705295864417486887333223746390193308538203442863702059811202285701607683892 0.000029387252289229876415011842341186905891332273233796486913059350230272497651297935
3.544443873155349886925400902168363649838349904055592526215203322768846952527596 0.0000015790948873247102883463879402189136085001637656903178069120964128483254253485562
4.003908603861228815227876013321818076299208459902075297492767592901869993664615 0.00000005108522450775946277389632044028376898650679853092962128866807731124967357634807
4.4830553570925183418870376197091052160995395308864698129080566825200654429345238 0.00000000091785804243785282085007574249241774902502243733310116528335257648252024913410157
4.9889189685899439444864971063309542953809558829871568428497326969767320544270489 0.0000000000081061862974630442039934479617306500052500646898427025635169557785669069532166683
5.5331471515674957251183335555803967332562582810899169424972486590869047593145967 0.000000000000028786070805487060621923979114156976811948096300838767451366519582986448500679479
6.1382792201239346203949923785375795010650976900989716657634180429604515527979176 0.000000000000000028103336027509037087627749153397985847331241987860980427548621862961995642903416
6.863345293529891581061108357555026621483711048091473191109438239998187181595787 0.0000000000000000000029082547001312262294110274736512803001111428075233484836923419195400393363689749
