-6.9956801237185402753248521473231851447846259124809489811824867913084758334986988 0.00000000000000000000046189683944642050213294442697371071392778466686401939724567731793708425975528252
-6.2750787049428601427036567812529949899980016555887697901374967383534133270104133 0.0000000000000000051106090079271564073942264116566097531014130356098518190733589451305164632106751
-5.6739614446185883296332558789275934024199219094331888990334252526637642722011768 0.0000000000000058995564987538729903843158937775197258259789988034199579376729172244628417785811
-5.1335955771123807045862968913996249531001370559983159214527508677036394403121397 0.0000000000018603735214521465243738089260337762138279828356878526806084048990728877140439196
-4.6315595063128599420667997654336424760671982201545610228663595505244911061982061 0.00000000023524920032086416339859779532276191645389370867243555506692427092172188757734397
-4.1562717558181451724831352315313724585774027922661217976254990848549745201547944 0.000000014611988344910530735278032305536132090847747259044404034890076822157268959870155
-3.7007434032314694224497164589673418513347104892249562177831958695836055183138793 0.00000050437125589397997425374567163331267259168798953570506593522501955122379209245047
-3.2603207323135408104645401509648402765204179026477908831926198691675835843957599 0.000010498602757675606322812327920832636688566393177304102965201731076473735839082434
-2.8316804533902054557015640151424826819979882360691512830393134162697602680887706 0.00013952090395047043382365375439622687096170971511082012740912043004050082616397165
-2.412317705480420105174018458211875645409218685404735634289136564345660458493445 0.0012336833073068882655175040231924668990362013151152480253949322120905378256660093
-2.0002585489356389657975562598571240924671445070273865637347146471710121940601411 0.0074827999140351984834567800301573280680107927320417223285275727072017897297760075
-1.5938858604721398261388419455550027922846428917337172842624074123263169939475696 0.031847230731300332777208723533891290191736331923181486631018997840004513970418732
-1.1918269983500464260821358649242078479609218580302966581283802624024732967624686 0.096717948160870453558033847888556382080061288504944044207240712517308531225980268
-0.79287697691530893968593032998829673219542255128951980335892525872585087844185159 0.21213278866876477987773563734307706118704143250542155154563483722374831329206954
-0.39594273647142311094670041663435740694959080907964690509306898978878107539040795 0.33877265789410772467570191987779497158175406122139019429414219794501052072209966
6.1658450485984810726501501279959682316406371043060510654777057220808752222595309e-88 0.39577855609860954514178381061063455314726166988808683358527464152134327124425029
0.39594273647142311094670041663435740694959080907964690509306898978878107539040795 0.33877265789410772467570191987779497158175406122139019429414219794501052072209966
0.79287697691530893968593032998829673219542255128951980335892525872585087844185159 0.21213278866876477987773563734307706118704143250542155154563483722374831329206954
1.1918269983500464260821358649242078479609218580302966581283802624024732967624686 0.096717948160870453558033847888556382080061288504944044207240712517308531225980268
1.5938858604721398261388419455550027922846428917337172842624074123263169939475696 0.031847230731300332777208723533891290191736331923181486631018997840004513970418732
2.0002585489356389657975562598571240924671445070273865637347146471710121940601411 0.0074827999140351984834567800301573280680107927320417223285275727072017897297760075
2.412317705480420105174018458211875645409218685404735634289136564345660458493445 0.0012336833073068882655175040231924668990362013151152480253949322120905378256660093
2.8316804533902054557015640151424826819979882360691512830393134162697602680887706 0.00013952090395047043382365375439622687096170971511082012740912043004050082616397165
3.2603207323135408104645401509648402765204179026477908831926198691675835843957599 0.000010498602757675606322812327920832636688566393177304102965201731076473735839082434
3.7007434032314694224497164589673418513347104892249562177831958695836055183138793 0.00000050437125589397997425374567163331267259168798953570506593522501955122379209245047
4.1562717558181451724831352315313724585774027922661217976254990848549745201547944 0.000000014611988344910530735278032305536132090847747259044404034890076822157268959870155
4.6315595063128599420667997654336424760671982201545610228663595505244911061982061 0.00000000023524920032086416339859779532276191645389370867243555506692427092172188757734397
5.1335955771123807045862968913996249531001370559983159214527508677036394403121397 0.0000000000018603735214521465243738089260337762138279828356878526806084048990728877140439196
5.6739614446185883296332558789275934024199219094331888990334252526637642722011768 0.0000000000000058995564987538729903843158937775197258259789988034199579376729172244628417785811
6.2750787049428601427036567812529949899980016555887697901374967383534133270104133 0.0000000000000000051106090079271564073942264116566097531014130356098518190733589451305164632106751
6.9956801237185402753248521473231851447846259124809489811824867913084758334986988 0.00000000000000000000046189683944642050213294442697371071392778466686401939724567731793708425975528252
