-7.1258139098307275727952076034223046755147784832088396600320840174852087883752536 0.000000000000000000000073106764273841623932742784550631181102149651631866812597448882141504698892634178
-6.4094981492696604121737637415270972309095963731843297122096031247052474088882302 0.00000000000000000092317365365182922334944200720743858117973221220075017123817748551581984928897771
-5.8122259495159138327659661536595822010276328392050391627195120247317612512325685 0.0000000000000011973440170928486658286818995089592471663672395780922340775047863963374706488532
-5.2755509865158801278190604813963643947770393407784444501711387391100478184501187 0.00000000000042150102113264475729694452118303461972418167610831785339856985047854559929710304
-4.777164503502596393035794056889400456317258394557338360288265805818361545334864 0.000000000059332914633966386145115682155835334345818851090497597922762080834300709225204753
-4.3055479533511984452634865319312682331329603861585941106608756582404493403350116 0.0000000040988321647708966182350410137973124586497129797555593446785311521246695216956368
-3.8537554854714446438878729210936271932448639360159354638933196358255957250218648 0.00000015741677925455940292686925792946164229466967918218377031760882373284683313978504
-3.4171674928185707358739272956352767886216635679200367007902633554305331104161046 0.0000036505851295623760573703241874583048436857180599628585355944356210672558927143095
-2.9924908250023742062854940760637775361234625861825956500558471256098173391899604 0.000054165840618199825580019393926718903876534527503473356365791132641719496505341442
-2.5772495377323174540309293011413068421375877567396450697290509029836770635481158 0.00053626836552797204597023810150086897402209773519912859994506472158211604465340052
-2.16949918360611217330570559501505217726838611968729608551733910516956960432671 0.0036548903266544280791256571224128642888768166338274457437605158869794436148505379
-1.7676541094632016046276732585265020548394833086628973326915442173281278923719059 0.0175534288315734303034378446110092098514655521532027079303183443195982223399867
-1.3703764109528718381617056486445830235898379061396626245847650629507169644609496 0.060458130955912614186585760783289943511202769941555769527322128173030666740640828
-0.97650046358968283848470487198177189149614334336429830066898199992338472542523415 0.1512697340766424825751471146140284835968123185666771731057674241537131669792505
-0.58497876543593244846695754401145509918422797073724679258001757512428868475019033 0.27745814230252989813769891854161681644228804607449341871872263132201451629695552
-0.19484074156939932670874128953220010532181688100973815424468437409983310429466961 0.3752383525928023928668183889071197639341395254745029108321568827731430723149373
0.19484074156939932670874128953220010532181688100973815424468437409983310429466961 0.3752383525928023928668183889071197639341395254745029108321568827731430723149373
0.58497876543593244846695754401145509918422797073724679258001757512428868475019033 0.27745814230252989813769891854161681644228804607449341871872263132201451629695552
0.97650046358968283848470487198177189149614334336429830066898199992338472542523415 0.1512697340766424825751471146140284835968123185666771731057674241537131669792505
1.3703764109528718381617056486445830235898379061396626245847650629507169644609496 0.060458130955912614186585760783289943511202769941555769527322128173030666740640828
1.7676541094632016046276732585265020548394833086628973326915442173281278923719059 0.0175534288315734303034378446110092098514655521532027079303183443195982223399867
2.16949918360611217330570559501505217726838611968729608551733910516956960432671 0.0036548903266544280791256571224128642888768166338274457437605158869794436148505379
2.5772495377323174540309293011413068421375877567396450697290509029836770635481158 0.00053626836552797204597023810150086897402209773519912859994506472158211604465340052
2.9924908250023742062854940760637775361234625861825956500558471256098173391899604 0.000054165840618199825580019393926718903876534527503473356365791132641719496505341442
3.4171674928185707358739272956352767886216635679200367007902633554305331104161046 0.0000036505851295623760573703241874583048436857180599628585355944356210672558927143095
3.8537554854714446438878729210936271932448639360159354638933196358255957250218648 0.00000015741677925455940292686925792946164229466967918218377031760882373284683313978504
4.3055479533511984452634865319312682331329603861585941106608756582404493403350116 0.0000000040988321647708966182350410137973124586497129797555593446785311521246695216956368
4.777164503502596393035794056889400456317258394557338360288265805818361545334864 0.000000000059332914633966386145115682155835334345818851090497597922762080834300709225204753
5.2755509865158801278190604813963643947770393407784444501711387391100478184501187 0.00000000000042150102113264475729694452118303461972418167610831785339856985047854559929710304
5.8122259495159138327659661536595822010276328392050391627195120247317612512325685 0.0000000000000011973440170928486658286818995089592471663672395780922340775047863963374706488532
6.4094981492696604121737637415270972309095963731843297122096031247052474088882302 0.00000000000000000092317365365182922334944200720743858117973221220075017123817748551581984928897771
7.1258139098307275727952076034223046755147784832088396600320840174852087883752536 0.000000000000000000000073106764273841623932742784550631181102149651631866812597448882141504698892634178
