-7.2538518220152006460797724446492084466586990779129943005423597240650505233820107 0.0000000000000000000000115331621854588454082208890757362876335332339243814716507024515510626296808495
-6.5416554457380772609582660881142949257757221059360246893199145736515397485324675 0.00000000000000000016570947415336905104822604029062598325920722970441246008673439405887087625263408
-5.9480711820871444798136647758431479086383158951973815534097492219296516650347536 0.00000000000000024077856795579944282458770706807976721335017070634916490791459195964174369082124
-5.4149290026141925399270907645382598587853697464966631211416414309640626996662514 0.000000000000094348141590149750345193158652719271177699303139995624123290615005943144791792963
-4.9200285205950082924113991026477848454982531913892985461208652794237750652492834 0.000000000014739809370924886767665554344062866387194073292236768842673530828957215201101452
-4.4519111488328271900947387620620890575904805926071320104358177233899893085432768 0.0000000011289222471083312908584835716460137349697278967041074456540785169487059578743745
-4.0036716099569314145137835717399663802980947802026315415852213121254663899437214 0.000000048077456763231909801575826594048622770105259322434638015317211391664094015391329
-3.570721980232718285618903306583427269908276681502365890954440416846576537965326 0.0000012376933672012101359367727830143421622805265203100927819810347143956727681913858
-3.1497966817038253846128143878615894155166043696949662675545083208574563651689017 0.000020423684051423773240532989618009891894981106264912902838859919456175303865754894
-2.7384458243513549069488705289911597343716431584953495392473275648353461731041702 0.00022544277059632741547955699996301271205675689289915634146995854260130156790175614
-2.3347511515295151770853606977288788366520012834746477217695948186496622813167777 0.0017184546377609244568489795875511652611153143830117571032606748301301398698794428
-1.9371545818222066164345222090771856546361932761055213769598822453918410090553265 0.009265689970685233303725810720227272285287170301210423323636456221867097193492372
-1.5443482612431218091430428875417761783195377509136024047691038403087085672912609 0.035987982318576974448686644843702208812753745700089813567399350059114403194606463
-1.1552002041267896135641248206314585240429271408505064282463639121766842061667244 0.10206907999554150079250552092074088452647808343798156063997761520307492259171607
-0.76870137975886859810722456130551872295899318145794258796744003999340342635918262 0.21349393115029183648825860519391772630656763141325767825456928416162220035334535
-0.3839260145084090837711454884014870646228136844149597214358752531042560830516089 0.33155200075074128228835278976353429654066877708866368369333922433915039550583672
1.2889479308670837791012828645555649463667338662935219580987006455817463447439726e-86 0.38378526651986380134960854362243350608219313443693268711299359177827226302472755
0.3839260145084090837711454884014870646228136844149597214358752531042560830516089 0.33155200075074128228835278976353429654066877708866368369333922433915039550583672
0.76870137975886859810722456130551872295899318145794258796744003999340342635918262 0.21349393115029183648825860519391772630656763141325767825456928416162220035334535
1.1552002041267896135641248206314585240429271408505064282463639121766842061667244 0.10206907999554150079250552092074088452647808343798156063997761520307492259171607
1.5443482612431218091430428875417761783195377509136024047691038403087085672912609 0.035987982318576974448686644843702208812753745700089813567399350059114403194606463
1.9371545818222066164345222090771856546361932761055213769598822453918410090553265 0.009265689970685233303725810720227272285287170301210423323636456221867097193492372
2.3347511515295151770853606977288788366520012834746477217695948186496622813167777 0.0017184546377609244568489795875511652611153143830117571032606748301301398698794428
2.7384458243513549069488705289911597343716431584953495392473275648353461731041702 0.00022544277059632741547955699996301271205675689289915634146995854260130156790175614
3.1497966817038253846128143878615894155166043696949662675545083208574563651689017 0.000020423684051423773240532989618009891894981106264912902838859919456175303865754894
3.570721980232718285618903306583427269908276681502365890954440416846576537965326 0.0000012376933672012101359367727830143421622805265203100927819810347143956727681913858
4.0036716099569314145137835717399663802980947802026315415852213121254663899437214 0.000000048077456763231909801575826594048622770105259322434638015317211391664094015391329
4.4519111488328271900947387620620890575904805926071320104358177233899893085432768 0.0000000011289222471083312908584835716460137349697278967041074456540785169487059578743745
4.9200285205950082924113991026477848454982531913892985461208652794237750652492834 0.000000000014739809370924886767665554344062866387194073292236768842673530828957215201101452
5.4149290026141925399270907645382598587853697464966631211416414309640626996662514 0.000000000000094348141590149750345193158652719271177699303139995624123290615005943144791792963
5.9480711820871444798136647758431479086383158951973815534097492219296516650347536 0.00000000000000024077856795579944282458770706807976721335017070634916490791459195964174369082124
6.5416554457380772609582660881142949257757221059360246893199145736515397485324675 0.00000000000000000016570947415336905104822604029062598325920722970441246008673439405887087625263408
7.2538518220152006460797724446492084466586990779129943005423597240650505233820107 0.0000000000000000000000115331621854588454082208890757362876335332339243814716507024515510626296808495
