-7.3798909504812463326153370897065521639775976783236021040118502536812983865845992 0.0000000000000000000000018138001119597731562782290122288153859091306452382926853041148112092917538941437
-6.6716591360701698733693795505234763823777952076775593166605165289974190267897375 0.00000000000000000002956708922360554718804905038361173895346016223221642353614756418412369082226725
-6.0816169939363162586247432122173398108686579326928839661157061925714924058119625 0.000000000000000047999019978948228614663597412240881587099789548722868767014772011747171918797172
-5.5518613309887777186183686862874659369035881946692505827841876131369928281812246 0.000000000000020878403731160179931123546683260401118448550703176947550486023283135739894906906
-5.0602960186057619162156414296121591247808097358902060355998748649099404549350308 0.0000000000036098817474860599502164808976449357093619185802361965525453129874297004950440626
-4.595519748108170291419066428117407534821910642983321385588412977410718075203768 0.00000000030562520419155048383550877755855940310354411272869165269085515568140661419901408
-4.1506656029707810662996121054686406371301654686202910223548190699596000650281406 0.000000014387732912539956959172937607235200251911411892521490924885450014264294380498247
-3.721175232476152964773095183007970750167934189558624525117836924045827271161817 0.0000004097974035224599880354720693029769216249521992678618223553825795299376812214703
-3.3038084315644160093038022739090163999480123129026815402766655763223617015307245 0.0000074934487833022622619973164886454063226598615747711761663758350703619351393173706
-2.8961389431744316570701459859623441159468053445711126012093931880473163194651109 0.00009186118982872384612037390432028454210655627047940983067028386277020322176962007
-2.4962719408165473320379059155979444525432393875818446834605145751106186595113621 0.00077981759962319933295155728894850136157058900307747253287772234140983847097162936
-2.1026736904673325473033975546364829440765356824557148514883685590387938643166084 0.0046984636292665870336682316413331779641950984482280785968158345301556479951285654
-1.7140625533873380540549888881621673806096497522592725824044579718102541370089738 0.020473151727019437648073801189421916552017984408015338488185175311937429106316671
-1.3293355518847857799150910588404506647765757589306275513231401866246411166063819 0.065445134108752722413544953920793385742736453238247305497786912378110730439173511
-0.94751645803344732117232866137739517817587484257326520892040871913411493497188878 0.15511041662330938649926007269402185662472788254757109059598794977737749827189626
-0.56771726855487458915055456541492510652362254429188452354512321632420744179042127 0.27462771563513739979256848330199282383014021802026084358830907114660410783439852
-0.18910806052714248128971468632767810298502522333485181852001440296708213088584422 0.36499244699664480744933268983064258553514506933259805868852464319830889728302207
0.18910806052714248128971468632767810298502522333485181852001440296708213088584422 0.36499244699664480744933268983064258553514506933259805868852464319830889728302207
0.56771726855487458915055456541492510652362254429188452354512321632420744179042127 0.27462771563513739979256848330199282383014021802026084358830907114660410783439852
0.94751645803344732117232866137739517817587484257326520892040871913411493497188878 0.15511041662330938649926007269402185662472788254757109059598794977737749827189626
1.3293355518847857799150910588404506647765757589306275513231401866246411166063819 0.065445134108752722413544953920793385742736453238247305497786912378110730439173511
1.7140625533873380540549888881621673806096497522592725824044579718102541370089738 0.020473151727019437648073801189421916552017984408015338488185175311937429106316671
2.1026736904673325473033975546364829440765356824557148514883685590387938643166084 0.0046984636292665870336682316413331779641950984482280785968158345301556479951285654
2.4962719408165473320379059155979444525432393875818446834605145751106186595113621 0.00077981759962319933295155728894850136157058900307747253287772234140983847097162936
2.8961389431744316570701459859623441159468053445711126012093931880473163194651109 0.00009186118982872384612037390432028454210655627047940983067028386277020322176962007
3.3038084315644160093038022739090163999480123129026815402766655763223617015307245 0.0000074934487833022622619973164886454063226598615747711761663758350703619351393173706
3.721175232476152964773095183007970750167934189558624525117836924045827271161817 0.0000004097974035224599880354720693029769216249521992678618223553825795299376812214703
4.1506656029707810662996121054686406371301654686202910223548190699596000650281406 0.000000014387732912539956959172937607235200251911411892521490924885450014264294380498247
4.595519748108170291419066428117407534821910642983321385588412977410718075203768 0.00000000030562520419155048383550877755855940310354411272869165269085515568140661419901408
5.0602960186057619162156414296121591247808097358902060355998748649099404549350308 0.0000000000036098817474860599502164808976449357093619185802361965525453129874297004950440626
5.5518613309887777186183686862874659369035881946692505827841876131369928281812246 0.000000000000020878403731160179931123546683260401118448550703176947550486023283135739894906906
6.0816169939363162586247432122173398108686579326928839661157061925714924058119625 0.000000000000000047999019978948228614663597412240881587099789548722868767014772011747171918797172
6.6716591360701698733693795505234763823777952076775593166605165289974190267897375 0.00000000000000000002956708922360554718804905038361173895346016223221642353614756418412369082226725
7.3798909504812463326153370897065521639775976783236021040118502536812983865845992 0.0000000000000000000000018138001119597731562782290122288153859091306452382926853041148112092917538941437
