-7.5040211464489360800968445336990316742157763263872170242878228038760714906554157 0.00000000000000000000000028441134657253305313345636163059398789838483706075807740993997701776714324354986
-6.7996094132841301572300879320318908996148428866126425711304807875829403465693417 0.0000000000000000000052456527291745084911971866313524678555750458229977619929438756280261840711030052
-6.2129737476337168733016934662777208063441283008784356383898711867577507490480518 0.0000000000000000094898848794730046497455908863360728658171322942794600392211038048905677331391719
-5.6864689480904415916967881602321522999527916119862561315558538957414825896132594 0.0000000000000045704441904182133255157562959963472757143057045206104730059140353407682066878672
-5.198099346197752624160516241024544497894178682247232905919660227966314539318439 0.00000000000087225260125369570592978047986050341241672627945918589662373114685934418459569797
-4.7365184774132108004524740754768452509005428505750576140059375994783298737174907 0.000000000081406956866777018488448028913382801142892870054968755606517960931906703280139777
-4.2948958144927632315076450409667727574500078659297810340275428082696052018035201 0.0000000042239761300094090156564112080572894593535967433904581798470872861183637857059424
-3.8687007309691543826004617314557880183245906464168922563208584022218345841246548 0.00000013269405173066729432359925262359687730646166199085549059841077837559612736479032
-3.4547164957519908272587071847235475744039839895663008228922630151257965398030641 0.0000026798156546135319608881357224833869121784430674267867139826126704568116219925786
-3.0505384204304466908744973823434786395624372618911721580997117197599409470347938 0.000036352769174157573035514185114882082269221580199436200611255828891464600431891276
-2.65429278119717203565115631978184382296931738612754519962021081757019527826771 0.00034234009319960768151994512620053458753953175844929237036333840117277154722522171
-2.2644675010425686494455192609002667902406911324538044554050543181975497196644095 0.002295028329584094247576127885365735008863806327653173743313373446627457974236894
-1.8798039887309170788838233882606426256020219418907665689549717430827878086964446 0.011166806590265729691008455300674807671096860146648654417871478180160315914276012
-1.4992244886117301684545276350108151071658535222813040480380136515106822102316014 0.040024775133100286876893228823281587150889660100385804547636436985164165920901487
-1.1217809907203026167832821355551485222213344861093962970246367805215854253170893 0.10687290695546251543515013268978639804618084419264951066602666332025468814458933
-0.74661763987986701711835459116023981373884373532622169105340289389015276126739965 0.21434719059607348076166320084103092611087384776790595667091107313638184611024201
-0.37294171704961686114534582504947826387930811627149375933445807042536130208007317 0.32472872157456945996783966778989178968353626787609313723865435529262501155199167
3.9779681724903856717477744702268722096851399148323201178848760597151324525029999e-86 0.37281997319072483559676258523322112019413047345302032462405091772746448408116391
0.37294171704961686114534582504947826387930811627149375933445807042536130208007317 0.32472872157456945996783966778989178968353626787609313723865435529262501155199167
0.74661763987986701711835459116023981373884373532622169105340289389015276126739965 0.21434719059607348076166320084103092611087384776790595667091107313638184611024201
1.1217809907203026167832821355551485222213344861093962970246367805215854253170893 0.10687290695546251543515013268978639804618084419264951066602666332025468814458933
1.4992244886117301684545276350108151071658535222813040480380136515106822102316014 0.040024775133100286876893228823281587150889660100385804547636436985164165920901487
1.8798039887309170788838233882606426256020219418907665689549717430827878086964446 0.011166806590265729691008455300674807671096860146648654417871478180160315914276012
2.2644675010425686494455192609002667902406911324538044554050543181975497196644095 0.002295028329584094247576127885365735008863806327653173743313373446627457974236894
2.65429278119717203565115631978184382296931738612754519962021081757019527826771 0.00034234009319960768151994512620053458753953175844929237036333840117277154722522171
3.0505384204304466908744973823434786395624372618911721580997117197599409470347938 0.000036352769174157573035514185114882082269221580199436200611255828891464600431891276
3.4547164957519908272587071847235475744039839895663008228922630151257965398030641 0.0000026798156546135319608881357224833869121784430674267867139826126704568116219925786
3.8687007309691543826004617314557880183245906464168922563208584022218345841246548 0.00000013269405173066729432359925262359687730646166199085549059841077837559612736479032
4.2948958144927632315076450409667727574500078659297810340275428082696052018035201 0.0000000042239761300094090156564112080572894593535967433904581798470872861183637857059424
4.7365184774132108004524740754768452509005428505750576140059375994783298737174907 0.000000000081406956866777018488448028913382801142892870054968755606517960931906703280139777
5.198099346197752624160516241024544497894178682247232905919660227966314539318439 0.00000000000087225260125369570592978047986050341241672627945918589662373114685934418459569797
5.6864689480904415916967881602321522999527916119862561315558538957414825896132594 0.0000000000000045704441904182133255157562959963472757143057045206104730059140353407682066878672
6.2129737476337168733016934662777208063441283008784356383898711867577507490480518 0.0000000000000000094898848794730046497455908863360728658171322942794600392211038048905677331391719
6.7996094132841301572300879320318908996148428866126425711304807875829403465693417 0.0000000000000000000052456527291745084911971866313524678555750458229977619929438756280261840711030052
7.5040211464489360800968445336990316742157763263872170242878228038760714906554157 0.00000000000000000000000028441134657253305313345636163059398789838483706075807740993997701776714324354986
