-7.6263257540038942632001739732498596095170663787506674205747795066226762840127739 4.4471534175755800782961681413640852823917999242895268430165473275956379081966441e-26
-6.9255989902599420456554954061932530446121892094215653996157006947794788333335422 0.00000000000000000000092564030835583198388836296227557043916777605455079443226146740065830877479093255
-6.3422433309944120624968016199950908329277647571196551235676045195068407401905462 0.0000000000000000018615979878080024550865818175441128158720666248486113676800840895231291924545182
-5.8188632795055769540395188030493031243846721488914457313995453151506298786132051 0.00000000000000099029016869063375726730533856955647351158547990260433382065019074673242978966936
-5.3335601071130637917210346311363004885796304172729755312203283714282187177243245 0.00000000000020809126742868741540267977318842350829796962887395290109528690632473374015465252
-4.8750399724670838479445370885112109503457653607056590184645734081071284698862521 0.000000000021353541817845545182575865262908010504350572979114029528889884872606383372001164
-4.4365069701928573043766627265154386743581838925532440890560713780162180879940695 0.0000000012178678209557233313412045935832033736137068547634022931251007630085038434486384
-4.0134565677494704201125875687757943886582924054028943151287502065456924985517646 0.000000042074913231090708915799491408259527542630940529596465884132501102811071447416299
-3.6026938571484756764131123056100737038781619982391525949033031397290979020136097 0.00000093555700897732523504739495085346252389968820804484292770152953065531445476103088
-3.2018339457881585590954662495174050857401051289384160295057050432440247999495165 0.000013997029220328963864567124753000859399173987516541615076566586305667373122077553
-2.809022235131103629443127099472059670840584464487598770456832690369908998695286 0.00014569615962636061112090661547143351159217701850434954512851247229716002989558264
-2.4227660420535616095248522255453475319009043640415478957305082269152063691498978 0.0010825347566868026011614715334699591258088781874630830624681632450122826365393366
-2.0418271835544202727362847511389032230111208205225977063522834799961412157866871 0.0058564259865595586338151899266554541288529019623980389729839025312740005985359564
-1.6651500018434143319160886973878206492574909441801061608002755587702532182534684 0.023425767509731766411337487364318457897077488768467591999311397479339894836776701
-1.2918109588209239265149950102377364739766738094750527613759899482529409548664636 0.070104750105177684693407363744581389406774502176815387017736526550539241168420021
-0.92098180157075310825603909066061736937560867180404877863587056003621098968680869 0.15835545375116659338322520226652158344075037968330715872804333364831702844100964
-0.55190143329042282350275056293385355425043573639396827030745701059211471243208142 0.27170124700952747730337578267443150882061011297512402428503165795512360594550239
-0.18385336710581280037179096148159699602065630092371270690445595606349089972969757 0.35554007427370878643814188006509467373494833033155010553277284581563384269494848
0.18385336710581280037179096148159699602065630092371270690445595606349089972969757 0.35554007427370878643814188006509467373494833033155010553277284581563384269494848
0.55190143329042282350275056293385355425043573639396827030745701059211471243208142 0.27170124700952747730337578267443150882061011297512402428503165795512360594550239
0.92098180157075310825603909066061736937560867180404877863587056003621098968680869 0.15835545375116659338322520226652158344075037968330715872804333364831702844100964
1.2918109588209239265149950102377364739766738094750527613759899482529409548664636 0.070104750105177684693407363744581389406774502176815387017736526550539241168420021
1.6651500018434143319160886973878206492574909441801061608002755587702532182534684 0.023425767509731766411337487364318457897077488768467591999311397479339894836776701
2.0418271835544202727362847511389032230111208205225977063522834799961412157866871 0.0058564259865595586338151899266554541288529019623980389729839025312740005985359564
2.4227660420535616095248522255453475319009043640415478957305082269152063691498978 0.0010825347566868026011614715334699591258088781874630830624681632450122826365393366
2.809022235131103629443127099472059670840584464487598770456832690369908998695286 0.00014569615962636061112090661547143351159217701850434954512851247229716002989558264
3.2018339457881585590954662495174050857401051289384160295057050432440247999495165 0.000013997029220328963864567124753000859399173987516541615076566586305667373122077553
3.6026938571484756764131123056100737038781619982391525949033031397290979020136097 0.00000093555700897732523504739495085346252389968820804484292770152953065531445476103088
4.0134565677494704201125875687757943886582924054028943151287502065456924985517646 0.000000042074913231090708915799491408259527542630940529596465884132501102811071447416299
4.4365069701928573043766627265154386743581838925532440890560713780162180879940695 0.0000000012178678209557233313412045935832033736137068547634022931251007630085038434486384
4.8750399724670838479445370885112109503457653607056590184645734081071284698862521 0.000000000021353541817845545182575865262908010504350572979114029528889884872606383372001164
5.3335601071130637917210346311363004885796304172729755312203283714282187177243245 0.00000000000020809126742868741540267977318842350829796962887395290109528690632473374015465252
5.8188632795055769540395188030493031243846721488914457313995453151506298786132051 0.00000000000000099029016869063375726730533856955647351158547990260433382065019074673242978966936
6.3422433309944120624968016199950908329277647571196551235676045195068407401905462 0.0000000000000000018615979878080024550865818175441128158720666248486113676800840895231291924545182
6.9255989902599420456554954061932530446121892094215653996157006947794788333335422 0.00000000000000000000092564030835583198388836296227557043916777605455079443226146740065830877479093255
7.6263257540038942632001739732498596095170663787506674205747795066226762840127739 4.4471534175755800782961681413640852823917999242895268430165473275956379081966441e-26
