-7.7468822496494560165963643397137178419200835797182741169594318090957119064550948 6.9350835505838066472921390611518920661537736912271875242129143516261869429713124e-27
-7.0497138557782294173278508188395497603985254653972260205728265695953666241494762 0.00000000000000000000016249853271916728864367058319574727489097411602289157816801849549875407568210221
-6.4695200365240311358866874792452996883472722616119813316871160517067204130438457 0.00000000000000000036247269512444094871734144159162061335943537647319691724182535375698523403013479
-5.9491472174619712655048370422798769164256923951304080045029797472362506161866938 0.00000000000000021248851941314811933489542282486171125271890754970522508549844495629887131803991
-5.4667903359685603924025712506362920811825793406969973792750075647813932720851896 0.000000000000049047393641852154407446822130105725393731870804952758806536264394464625446593038
-5.0112061385730727496645512084838395991155662942481135839323996452726806259900138 0.0000000000055203972646374766562461981427926300570172558924096096759054738485476972589117004
-4.5756317486673585275903536464404466961366968354447239194307666271805518669121992 0.00000000034519062272121213825011465674900078396593938117025718329134442859778203823789353
-4.1555872811264790487740152451321451257517558725276892813183737398619390713524281 0.000000013079698821802248037275899050005831664538254922469130477191450526857031182889493
-3.7478982064754799092992048891934609988995464994004149184199664630511265780240977 0.00000031928854810032303774150244842948571507398607830248654723470230663421573597341173
-3.3501978949725356528126978026703681582239110217508165488342875131237750119740155 0.0000052521435771200536737384788653715740586595657427319670396007070802082568140174591
-2.9606491813032890392416194788948169128243165999039996491295826444858603682657809 0.00006022695165267415975749326171802782011346554764005053631550691960385843243332771
-2.5777768581132719607100416433073446721947093619385008704569520077617759380519087 0.00049417150121469428125837039016048454832725447256322990093486796225600925675504289
-2.2003609340092521503733249978703824191861007586411150684833666371927564687973239 0.002960800184602906154824626621253413683827273337656590531722103405570756624624449
-1.8273652487636046858607608143142594567027310967122227524091236641530263825458985 0.013160179977211553985416193728019213280537014919708618896836713460602925186080275
-1.4578876468742090388067709551787121853293885090683850333095390101628209665844691 0.043931362299539294711909239975310961744686157237583083146342767250322702791739387
-1.0911237649759331093469349468388840761223839897680545855477110894473974535267618 0.11117916510719522827740900821857417099861677989959556105133060189373365239007676
-0.72633961660512018832438838832680659729852025401717516544489731003103169873552782 0.21478887596478399990426574210111922779544816999716259820296071540227373431110804
-0.36284990505065798026140358797749504285526267531166623164073477852500397250711993 0.31827467975443152785269891433774914905992515042396472760798568793551040124485001
1.8619587587524879656583226105513752288555015193410682223372456914361301961278553e-86 0.36274375769908362382387710995664757640509992011645220774231981184293841694383515
0.36284990505065798026140358797749504285526267531166623164073477852500397250711993 0.31827467975443152785269891433774914905992515042396472760798568793551040124485001
0.72633961660512018832438838832680659729852025401717516544489731003103169873552782 0.21478887596478399990426574210111922779544816999716259820296071540227373431110804
1.0911237649759331093469349468388840761223839897680545855477110894473974535267618 0.11117916510719522827740900821857417099861677989959556105133060189373365239007676
1.4578876468742090388067709551787121853293885090683850333095390101628209665844691 0.043931362299539294711909239975310961744686157237583083146342767250322702791739387
1.8273652487636046858607608143142594567027310967122227524091236641530263825458985 0.013160179977211553985416193728019213280537014919708618896836713460602925186080275
2.2003609340092521503733249978703824191861007586411150684833666371927564687973239 0.002960800184602906154824626621253413683827273337656590531722103405570756624624449
2.5777768581132719607100416433073446721947093619385008704569520077617759380519087 0.00049417150121469428125837039016048454832725447256322990093486796225600925675504289
2.9606491813032890392416194788948169128243165999039996491295826444858603682657809 0.00006022695165267415975749326171802782011346554764005053631550691960385843243332771
3.3501978949725356528126978026703681582239110217508165488342875131237750119740155 0.0000052521435771200536737384788653715740586595657427319670396007070802082568140174591
3.7478982064754799092992048891934609988995464994004149184199664630511265780240977 0.00000031928854810032303774150244842948571507398607830248654723470230663421573597341173
4.1555872811264790487740152451321451257517558725276892813183737398619390713524281 0.000000013079698821802248037275899050005831664538254922469130477191450526857031182889493
4.5756317486673585275903536464404466961366968354447239194307666271805518669121992 0.00000000034519062272121213825011465674900078396593938117025718329134442859778203823789353
5.0112061385730727496645512084838395991155662942481135839323996452726806259900138 0.0000000000055203972646374766562461981427926300570172558924096096759054738485476972589117004
5.4667903359685603924025712506362920811825793406969973792750075647813932720851896 0.000000000000049047393641852154407446822130105725393731870804952758806536264394464625446593038
5.9491472174619712655048370422798769164256923951304080045029797472362506161866938 0.00000000000000021248851941314811933489542282486171125271890754970522508549844495629887131803991
6.4695200365240311358866874792452996883472722616119813316871160517067204130438457 0.00000000000000000036247269512444094871734144159162061335943537647319691724182535375698523403013479
7.0497138557782294173278508188395497603985254653972260205728265695953666241494762 0.00000000000000000000016249853271916728864367058319574727489097411602289157816801849549875407568210221
7.7468822496494560165963643397137178419200835797182741169594318090957119064550948 6.9350835505838066472921390611518920661537736912271875242129143516261869429713124e-27
