-7.8657628033800410970261681650716384736458926907044620777878208402091935897589188 1.0787188820740964918574469904302620104390499443655475816616771158542839943070775e-27
-7.1720339353200308910674686484927545949479716922671567025803028247461611254554538 0.000000000000000000000028387387532094474431900962030365841151445881742083069101745725011406493754259706
-6.5948913272654938091065260421760955995861448142589396319344593150763550034785156 0.000000000000000000070078433305585519211483172153882010673449844535847582239827700145316221209546061
-6.0774160035375606675414063459005627943549476299354960988957945053444966472211177 0.000000000000000045173712236047673699919294224668386429680227490137151221861943878291784621227475
-5.5978935141846783644097787985376840791687590134035655284917618035850448891376948 0.000000000000011428616750256822079872120865548715175015334984329057687208931045555415908048702
-5.1451293207408229834004190956911721886800333378825388859412308714682050317126123 0.0000000000014076333438452450652440557808948053578369510288907675644320966355634209185103781
-4.7123921320848877114743191671964526270427719916847138723899381862607684970361059 0.000000000096270292926054183683705852679400517742926708953958993867029555977025811792225982
-4.2952254197496053117419094862511837712280176878786240770179637460754335600881209 0.0000000039906528856889158989562130379524126350103723465805462401507170519638073200454535
-3.8904737609633406628538885830038148269899145420589345356983807953992582885236316 0.0000001066586570440918141018268939058406089414027731970875133046438318960117193351589
-3.4957874548356265650392324791288757645016137235052886809486297269535582615156153 0.0000019234656867323870862507826851966766062178355910717052827857733254324030389919993
-3.109345311717942114998868850695338384911878568015696791958515110325464375855762 0.000024223415120935209365788614059679987885670366091646805978701963895037156937533893
-2.7296879628883255531907769714675931774196130599248002246390655655542892309904327 0.00021875759533939060362895331123649386819457650998796831594595105845325880396846462
-2.3556117330355083967875675250063379027330047572767880907523542407912025980352537 0.0014463071215626995856982744380371565469192301211234908790365268110078581904926131
-1.9860977780390658588514214250122383272712613769794374274362244031433549590841217 0.0071152368261340093333569057970498033080238609016676631267621320068995386283736965
-1.6202627556330142901684330034002694858245532988543354614269859113099435773701211 0.026380533520486859451890764469776333980140097491129473403120851730455895304452825
-1.2573231317007134240471832238380737460848983575317505588051560216422482952295043 0.074443983368238750490847321725622601467695641943378048496679808934441420701972363
-0.8965683461931360287287172800886028596914225142604640687634951440666854284667671 0.16108797149548096694307887897464752354592660307012714318111070993778606402235707
-0.53733981087098349820428662172303219694869428403798537709267735501183650663618973 0.26872376002892755757593678693432425174377981220189492747604460863494142109355982
-0.17901372329587749553294097571687503955108800491237376076923638931183833874664796 0.34678411786878078215699507244948663022011477974937211510595739179776107493478037
0.17901372329587749553294097571687503955108800491237376076923638931183833874664796 0.34678411786878078215699507244948663022011477974937211510595739179776107493478037
0.53733981087098349820428662172303219694869428403798537709267735501183650663618973 0.26872376002892755757593678693432425174377981220189492747604460863494142109355982
0.8965683461931360287287172800886028596914225142604640687634951440666854284667671 0.16108797149548096694307887897464752354592660307012714318111070993778606402235707
1.2573231317007134240471832238380737460848983575317505588051560216422482952295043 0.074443983368238750490847321725622601467695641943378048496679808934441420701972363
1.6202627556330142901684330034002694858245532988543354614269859113099435773701211 0.026380533520486859451890764469776333980140097491129473403120851730455895304452825
1.9860977780390658588514214250122383272712613769794374274362244031433549590841217 0.0071152368261340093333569057970498033080238609016676631267621320068995386283736965
2.3556117330355083967875675250063379027330047572767880907523542407912025980352537 0.0014463071215626995856982744380371565469192301211234908790365268110078581904926131
2.7296879628883255531907769714675931774196130599248002246390655655542892309904327 0.00021875759533939060362895331123649386819457650998796831594595105845325880396846462
3.109345311717942114998868850695338384911878568015696791958515110325464375855762 0.000024223415120935209365788614059679987885670366091646805978701963895037156937533893
3.4957874548356265650392324791288757645016137235052886809486297269535582615156153 0.0000019234656867323870862507826851966766062178355910717052827857733254324030389919993
3.8904737609633406628538885830038148269899145420589345356983807953992582885236316 0.0000001066586570440918141018268939058406089414027731970875133046438318960117193351589
4.2952254197496053117419094862511837712280176878786240770179637460754335600881209 0.0000000039906528856889158989562130379524126350103723465805462401507170519638073200454535
4.7123921320848877114743191671964526270427719916847138723899381862607684970361059 0.000000000096270292926054183683705852679400517742926708953958993867029555977025811792225982
5.1451293207408229834004190956911721886800333378825388859412308714682050317126123 0.0000000000014076333438452450652440557808948053578369510288907675644320966355634209185103781
5.5978935141846783644097787985376840791687590134035655284917618035850448891376948 0.000000000000011428616750256822079872120865548715175015334984329057687208931045555415908048702
6.0774160035375606675414063459005627943549476299354960988957945053444966472211177 0.000000000000000045173712236047673699919294224668386429680227490137151221861943878291784621227475
6.5948913272654938091065260421760955995861448142589396319344593150763550034785156 0.000000000000000000070078433305585519211483172153882010673449844535847582239827700145316221209546061
7.1720339353200308910674686484927545949479716922671567025803028247461611254554538 0.000000000000000000000028387387532094474431900962030365841151445881742083069101745725011406493754259706
7.8657628033800410970261681650716384736458926907044620777878208402091935897589188 1.0787188820740964918574469904302620104390499443655475816616771158542839943070775e-27
