-7.9830347727197813821857303925828640846980381775018635944024837327063071173602271 1.6737892457498354950304512601438499144889693970132601852508611009583491735422785e-28
-7.2926336708657211684047422606247174132502361267051037185759479630247403023804953 0.0000000000000000000000049359073375904877092832237227026213372387479339896602981284207107357916438625354
-6.7184385064440925058634372928156549333672107733874110726448791062150770980580237 0.000000000000000000013457268201343407807425518796463583280716288599028246634759362782547923490242819
-6.2037579977281095497692814553568164970592710558576626066507027094828493074794055 0.0000000000000000095193204821161963583297772231740669113932712716438613510317496630498054322785417
-5.7269654517821051540352400306685453915916428522477409622850151732923849755246294 0.0000000000000026340961107224422361772169871861051472168778771817305913072761885767184474348977
-5.2769133152304264787130173190472736653838399752529119887061356409987810039987998 0.00000000000035426508019791301687226255960514697278270885854421313527924171717186311379489229
-4.8469005687435258414151613831625072170847391860830956741322145671858378290566299 0.000000000026440048769929913174458843839484822761101236434278623250241169988346449457774049
-4.4324928825930372491246224966224672462934785295976045965552387032946040526014203 0.000000001196166423766762979518294183566749549141313853281922746795829601575270369594299
-4.0305528146024680371865753998394551577999107241482534168385417109588486761492414 0.000000034915088439108284917682649389871775621050672633396682471947709130034248820202559
-3.6387464248745363955276681435100238659739630257366363696269859400174536256168273 0.00000068844204093401176108516950154578603616023151257864036370544093977980841048595346
-3.2552672359922294374629802589843318793951015578490007087571227504844292718749958 0.0000094942995361418671839954030623038328919951920339448665802913400234094722093658958
-2.8786703113749548192265928917142581353953249113549319532271475292331470091078705 0.000094077279467672551912620127002349717601589473960095098452823126439977582569606394
-2.5077666938913194404196392812832723038419342900394938198943820981635199545594539 0.00068405759521855634388693919914556752574497550535918144425857930081882851042725813
-2.1415530119868800424819901746750815892330503186632421469430805095928126643688135 0.0037112302317141541512396851451190131557654430994413845488013388568917580161611458
-1.779162582854313493147873831323520783884834369974490659780310435750214889863095 0.015221980837289409227362582427033674016192595191893030483707331766722914348835959
-1.4198301576857357027400891468205816694459352164980183439301052413635496429941112 0.047690071331635292866574612241909068671989974749904111228302043744917053010916922
-1.0628655672811787022087913108712390235362434910543508694562587397694700129342964 0.11503504579976959016619217780061342499082029141080164727241825795216603268002711
-0.70763327334857228423635084993417058910984538078301471179796070839182492506254596 0.21489607677746459850257607696859635350146216996140318966298671212219378589398699
-0.35353584699632932909545929269588159352065871329149066730673274607346632443793319 0.31216284886717012943571803780345538395354346630598914800704146538582164017484615
-4.6281074188850773008038549706616180137945884734952463250158857353691524645223081e-90 0.35344263570679942834121359431673353598445633242115856138995263718029897035553169
0.35353584699632932909545929269588159352065871329149066730673274607346632443793319 0.31216284886717012943571803780345538395354346630598914800704146538582164017484615
0.70763327334857228423635084993417058910984538078301471179796070839182492506254596 0.21489607677746459850257607696859635350146216996140318966298671212219378589398699
1.0628655672811787022087913108712390235362434910543508694562587397694700129342964 0.11503504579976959016619217780061342499082029141080164727241825795216603268002711
1.4198301576857357027400891468205816694459352164980183439301052413635496429941112 0.047690071331635292866574612241909068671989974749904111228302043744917053010916922
1.779162582854313493147873831323520783884834369974490659780310435750214889863095 0.015221980837289409227362582427033674016192595191893030483707331766722914348835959
2.1415530119868800424819901746750815892330503186632421469430805095928126643688135 0.0037112302317141541512396851451190131557654430994413845488013388568917580161611458
2.5077666938913194404196392812832723038419342900394938198943820981635199545594539 0.00068405759521855634388693919914556752574497550535918144425857930081882851042725813
2.8786703113749548192265928917142581353953249113549319532271475292331470091078705 0.000094077279467672551912620127002349717601589473960095098452823126439977582569606394
3.2552672359922294374629802589843318793951015578490007087571227504844292718749958 0.0000094942995361418671839954030623038328919951920339448665802913400234094722093658958
3.6387464248745363955276681435100238659739630257366363696269859400174536256168273 0.00000068844204093401176108516950154578603616023151257864036370544093977980841048595346
4.0305528146024680371865753998394551577999107241482534168385417109588486761492414 0.000000034915088439108284917682649389871775621050672633396682471947709130034248820202559
4.4324928825930372491246224966224672462934785295976045965552387032946040526014203 0.000000001196166423766762979518294183566749549141313853281922746795829601575270369594299
4.8469005687435258414151613831625072170847391860830956741322145671858378290566299 0.000000000026440048769929913174458843839484822761101236434278623250241169988346449457774049
5.2769133152304264787130173190472736653838399752529119887061356409987810039987998 0.00000000000035426508019791301687226255960514697278270885854421313527924171717186311379489229
5.7269654517821051540352400306685453915916428522477409622850151732923849755246294 0.0000000000000026340961107224422361772169871861051472168778771817305913072761885767184474348977
6.2037579977281095497692814553568164970592710558576626066507027094828493074794055 0.0000000000000000095193204821161963583297772231740669113932712716438613510317496630498054322785417
6.7184385064440925058634372928156549333672107733874110726448791062150770980580237 0.000000000000000000013457268201343407807425518796463583280716288599028246634759362782547923490242819
7.2926336708657211684047422606247174132502361267051037185759479630247403023804953 0.0000000000000000000000049359073375904877092832237227026213372387479339896602981284207107357916438625354
7.9830347727197813821857303925828640846980381775018635944024837327063071173602271 1.6737892457498354950304512601438499144889693970132601852508611009583491735422785e-28
