-8.0987611392508500520126363696305362031598785584110955197997789646001619080453989 2.5910437138470814735022027389322115564194678340235574483687977159188995624906507e-29
-7.4115825314854688094393004346606137838517548859765785582777649886737411956897018 0.00000000000000000000000085440569637755107738826857848914165201624343547471102253493640829030809777573087
-6.8402373052493554178458239138344048541844776615676286589357989669578484361251783 0.0000000000000000000025675933654116696604926337275249389700745646632671151530148555995972111456097062
-6.3282553512200819556569910907660684038833769829979434615293658377977600845802938 0.0000000000000000019891810121165024856175525586636896618588916921818887107956942916630097811884527
-5.8540950560304001080427055883267519292216187560587043783360963647455948986381386 0.00000000000000060083587894908166903066292553669869340087996361209737346231499736979288968669929
-5.4066542479701276084001739807530632756822743866319506722584087897337803959479328 0.000000000000088057076452161322566206917243899952928661775180062683603023158364372413626167069
-4.9792609785452558716265182296182638236429580903587160573433968486445917481695166 0.0000000000071565280526903187083639968253136369556885755615747825424900403697607652611745246
-4.5675020728443948551694822935779381748548434898719896634597882619707009909521458 0.00000000035256207913654119029152977838676436062407914318202887779033558226325306206657126
-4.1682570668325002015364923207359804227827976573906119225622890814196452958950241 0.000000011212360832275810174516629848304335759057584816391834398022639856988449259503735
-3.7792067534352234931193561158429276184901994210494071004232584656280272693553744 0.00000024111441636705234417851078219022551410106449260058175653358495692135190096123181
-3.3985582658596283462937862596982787619977026521078495534986176735481537775051686 0.0000036315761506930235118423061896542311963251995685625845520844526352380003698820418
-3.0248798839012844376770493253417842669083271179630409513429456650120551587964688 0.000039369339810924927704308301700865805949650203588409866605646966795260838219450717
-2.6569959984428957949808471006826969983518444487154239000682491378860154664824241 0.00031385359454133147564684012153786128509903088478233303608398860757672795833332282
-2.2939171418750834218850495645276828751185935391695405210890762619701857755162348 0.0018714968295979527794838623430591062901124315935342087558667488691505854806765596
-1.9347914722822957932979370652209982676235065775804880021785030323018477311057926 0.0084608880082581324399408732959856976487848401334040542549104197785955800104696652
-1.5788698949316138862584512814687415071154993234948815349845832210423038323473615 0.029312565536172369845682052695566229569147884789362515458217391538482271170681623
-1.2254801090462890309490863830460385618165976626906174196484431713915683066980111 0.078474605865404391308890238154485895516268603031217930619516025879459215089964411
-0.87400661235708807743789879817524989268743615719010939173616850579312534131563597 0.16337873271327145708151778279569265213220746567999163089428642289483762428617474
-0.52387471383227719261491711165465674591655953342784772542015299511719221412102927 0.26572825187737707614281086230016011938163938004834056023611135288253289217197475
-0.17453721459758238348945068835884531872903974795420091066018289525493008147079815 0.33864327742558921820242864701113248824867842674912104266847515768220538184195864
0.17453721459758238348945068835884531872903974795420091066018289525493008147079815 0.33864327742558921820242864701113248824867842674912104266847515768220538184195864
0.52387471383227719261491711165465674591655953342784772542015299511719221412102927 0.26572825187737707614281086230016011938163938004834056023611135288253289217197475
0.87400661235708807743789879817524989268743615719010939173616850579312534131563597 0.16337873271327145708151778279569265213220746567999163089428642289483762428617474
1.2254801090462890309490863830460385618165976626906174196484431713915683066980111 0.078474605865404391308890238154485895516268603031217930619516025879459215089964411
1.5788698949316138862584512814687415071154993234948815349845832210423038323473615 0.029312565536172369845682052695566229569147884789362515458217391538482271170681623
1.9347914722822957932979370652209982676235065775804880021785030323018477311057926 0.0084608880082581324399408732959856976487848401334040542549104197785955800104696652
2.2939171418750834218850495645276828751185935391695405210890762619701857755162348 0.0018714968295979527794838623430591062901124315935342087558667488691505854806765596
2.6569959984428957949808471006826969983518444487154239000682491378860154664824241 0.00031385359454133147564684012153786128509903088478233303608398860757672795833332282
3.0248798839012844376770493253417842669083271179630409513429456650120551587964688 0.000039369339810924927704308301700865805949650203588409866605646966795260838219450717
3.3985582658596283462937862596982787619977026521078495534986176735481537775051686 0.0000036315761506930235118423061896542311963251995685625845520844526352380003698820418
3.7792067534352234931193561158429276184901994210494071004232584656280272693553744 0.00000024111441636705234417851078219022551410106449260058175653358495692135190096123181
4.1682570668325002015364923207359804227827976573906119225622890814196452958950241 0.000000011212360832275810174516629848304335759057584816391834398022639856988449259503735
4.5675020728443948551694822935779381748548434898719896634597882619707009909521458 0.00000000035256207913654119029152977838676436062407914318202887779033558226325306206657126
4.9792609785452558716265182296182638236429580903587160573433968486445917481695166 0.0000000000071565280526903187083639968253136369556885755615747825424900403697607652611745246
5.4066542479701276084001739807530632756822743866319506722584087897337803959479328 0.000000000000088057076452161322566206917243899952928661775180062683603023158364372413626167069
5.8540950560304001080427055883267519292216187560587043783360963647455948986381386 0.00000000000000060083587894908166903066292553669869340087996361209737346231499736979288968669929
6.3282553512200819556569910907660684038833769829979434615293658377977600845802938 0.0000000000000000019891810121165024856175525586636896618588916921818887107956942916630097811884527
6.8402373052493554178458239138344048541844776615676286589357989669578484361251783 0.0000000000000000000025675933654116696604926337275249389700745646632671151530148555995972111456097062
7.4115825314854688094393004346606137838517548859765785582777649886737411956897018 0.00000000000000000000000085440569637755107738826857848914165201624343547471102253493640829030809777573087
8.0987611392508500520126363696305362031598785584110955197997789646001619080453989 2.5910437138470814735022027389322115564194678340235574483687977159188995624906507e-29
