-8.2130008955982805134585257531360084301979965363386195160433579106577709358659084 4.0019596646664798628774200975813420885154526479370052988508885789478656451401064e-30
-7.5289454645396209371321044095383253824605659795943057084523428147613976148951772 0.00000000000000000000000014726537286520630799494676705534797174497085565044194394365879768458923610815514
-6.960358400636749367386105782569903284475879541931596162074547418063530287645018 0.00000000000000000000048687379360129154274894449784180050034835228291665504298438454993439893456108985
-6.4509845971747532593734881493969482950367792201307685902550294982254396766226757 0.00000000000000000041234085375314973539368221343118925697309675953079012259229720555275083120686816
-5.9793650041651337324114891076414764966670942659893429972710439354551072510339353 0.00000000000000013569875295861107706593117227916230675344318551864966152830175785854664536969634
-5.5344413406134459665712614447534647045647043404301584464797467687961457985727987 0.000000000000021629872471750240315167875120010574382209311989386120120139391777216233098015817
-5.109569626533134095681167287468589497100922082731082314469364720857926546180339 0.0000000000019103833646809181475005122271430260270888151750729445053723449348246795146312693
-4.7003568963041161297278707965845551867951059426363156412218421096999191035505401 0.00000000010226798927782287383908374311840948899486951304234022182221602150981785877543584
-4.3036987671546504082327607402329733247580176626211876292776686921820295462208885 0.0000000035356816483806877425708579174264732269926514450706953554418426065850801317688387
-3.9172898548377822396345086413791185687999931717534411064442023721678599917384207 0.000000082726584187498228038064302194753649742899438148562882016409802369566313478847301
-3.5393499373637116038796833813029623506284659467478817423600471762912874936438032 0.0000013573781404870804602434085811069355091035600858617451215345864289607419980030419
-3.1684594539419855787920015654052076492005774549460501202318236195929776643334292 0.00001605596573667724718252025164718386083022027810812472825800417608997794719081986
-2.8034549614843186771078376439758596457424578150159837640343714542700703289243008 0.00013993025659674165615244819936394735248106108873509140821975054974032750560975792
-2.4433595531234112759831996836018329133476016682047257291440007518483950156565229 0.00091423425632870777608961666895061488185378688024496433884062547809605273028208601
-2.0873346819187244606237785412234710712949911912652284524806851293356926413754254 0.0045403929873032707856944962130294539961509959287064737130592756128806589861667134
-1.7346456088220292844515543479440395339988823561479778066635521077361651151945334 0.017330881362116827198032171785007183347516338373769477398982576822927631059615132
-1.3846357891600325696387595596389767464911958508155761946348522921894506880726459 0.051289872397094685068245128728501619783507868933716356064663157206507390789677798
-1.036707252924206005673134406578968818748130498408749918130984319416076553012709 0.11848439124684408212215229156633086434304669940547116454035618095355730327720647
-0.69030505233020809049181041533524272154947010715736224521559312693445877709168792 0.21473086449008445376432689193311968896456995005997464915797364514171752748210264
-0.34490446301543276188160539945245372392331982277249965239388096324725463727742042 0.3063678169378512633520008525698352865088346462014282218326300698055393742460394
-1.9817785724076215256431520796888228473578522998731381334146096485071160467326817e-86 0.34482208361638968618654984811388637657020129992308152330727086554175509302978701
0.34490446301543276188160539945245372392331982277249965239388096324725463727742042 0.3063678169378512633520008525698352865088346462014282218326300698055393742460394
0.69030505233020809049181041533524272154947010715736224521559312693445877709168792 0.21473086449008445376432689193311968896456995005997464915797364514171752748210264
1.036707252924206005673134406578968818748130498408749918130984319416076553012709 0.11848439124684408212215229156633086434304669940547116454035618095355730327720647
1.3846357891600325696387595596389767464911958508155761946348522921894506880726459 0.051289872397094685068245128728501619783507868933716356064663157206507390789677798
1.7346456088220292844515543479440395339988823561479778066635521077361651151945334 0.017330881362116827198032171785007183347516338373769477398982576822927631059615132
2.0873346819187244606237785412234710712949911912652284524806851293356926413754254 0.0045403929873032707856944962130294539961509959287064737130592756128806589861667134
2.4433595531234112759831996836018329133476016682047257291440007518483950156565229 0.00091423425632870777608961666895061488185378688024496433884062547809605273028208601
2.8034549614843186771078376439758596457424578150159837640343714542700703289243008 0.00013993025659674165615244819936394735248106108873509140821975054974032750560975792
3.1684594539419855787920015654052076492005774549460501202318236195929776643334292 0.00001605596573667724718252025164718386083022027810812472825800417608997794719081986
3.5393499373637116038796833813029623506284659467478817423600471762912874936438032 0.0000013573781404870804602434085811069355091035600858617451215345864289607419980030419
3.9172898548377822396345086413791185687999931717534411064442023721678599917384207 0.000000082726584187498228038064302194753649742899438148562882016409802369566313478847301
4.3036987671546504082327607402329733247580176626211876292776686921820295462208885 0.0000000035356816483806877425708579174264732269926514450706953554418426065850801317688387
4.7003568963041161297278707965845551867951059426363156412218421096999191035505401 0.00000000010226798927782287383908374311840948899486951304234022182221602150981785877543584
5.109569626533134095681167287468589497100922082731082314469364720857926546180339 0.0000000000019103833646809181475005122271430260270888151750729445053723449348246795146312693
5.5344413406134459665712614447534647045647043404301584464797467687961457985727987 0.000000000000021629872471750240315167875120010574382209311989386120120139391777216233098015817
5.9793650041651337324114891076414764966670942659893429972710439354551072510339353 0.00000000000000013569875295861107706593117227916230675344318551864966152830175785854664536969634
6.4509845971747532593734881493969482950367792201307685902550294982254396766226757 0.00000000000000000041234085375314973539368221343118925697309675953079012259229720555275083120686816
6.960358400636749367386105782569903284475879541931596162074547418063530287645018 0.00000000000000000000048687379360129154274894449784180050034835228291665504298438454993439893456108985
7.5289454645396209371321044095383253824605659795943057084523428147613976148951772 0.00000000000000000000000014726537286520630799494676705534797174497085565044194394365879768458923610815514
8.2130008955982805134585257531360084301979965363386195160433579106577709358659084 4.0019596646664798628774200975813420885154526479370052988508885789478656451401064e-30
