-8.3258093895669312162880573072788099717166001769334279665854879169239627740511592 6.1678589258107142561161215979104203020212794499293224750918008862096820859878608e-31
-7.6447832957047418593253203674385651884183937244775568321603483291845972639360284 2.5278698640535659932677607040686301902245539942030145714488391957702581287616692e-26
-7.0788678730491087219212464033723024636420995171092209285187316373619161257336741 0.000000000000000000000091778906956924076508270269291191670345329063714432103741469930932648934663911894
-6.5720171713874751026220234707416690022608265311015842824836445764827551173363008 0.000000000000000000084821520800862769186045241136724852892268603559804370644551344725386450528790906
-6.1028523343815266213890340766641057445021408162145335349110697823139859835046621 0.000000000000000030358903478107177635165951387159930983860065668035272418485719182746339353911449
-5.6603575812830576987471871651446296762949172250951748302487580987003126495195976 0.0000000000000052533377155685611013703239963485484809315564049915663923930944747108191996511674
-5.2379158850176499305927186939832357718552043955453332303844556647025767256317665 0.00000000000050327055821840305970752246295837469387588356073950950282944427492648574941882799
-4.8311536291282759662683655259962578726209863855874957174579877159515193157005057 0.000000000029217288372333569466301892437898059647527026857812715157593769571541206077116608
-4.4369817058810309606994352445046995684738424564730218726999489954115927688998573 0.0000000010958052288078415862280801330880199837508582531247241543684102872970204499920889
-4.0531077444247670006156140393720265364927131174444614135573446540002676507139985 0.000000027834715265490756444252980595757046052869396765920336314352022345277500597637395
-3.677763316388556876407133729401012744022569805810114629032936176877128304618994 0.00000049636593935798352757612528829688940840774219406785805830062400223143224721146651
-3.3095400965109219880398134435151828614871698879984994425854274181493749604440134 0.0000063902459677354268946163648163501639856317530888864139027550460141181726149706419
-2.9472857823054792337384667857060846439672464915747174740854014983739603472859587 0.000060719621077883351207630286563533541793821915505672881258847752810020201689110459
-2.5900348706171264605752611738364733122210973891143236618602818493794317860509929 0.00043341227172125499947138249138275097519636452010774000212816969365210348419195773
-2.2369607870543180516898795038442571006117883520797679065930822054796427777501568 0.0023571613945963144718094456723966251169857775150831962853264286959410682390195603
-1.8873416205434848203608957250590331477860751425360685555662982411143592192953318 0.0098795240531885091039332254988676821845780908619390708388904812952174205241012237
-1.5405348009155458959671103768875791622067474463495426978980832933331324548337801 0.032202101288907829819790793405765268661674575116454129027406914595651214004769104
-1.1959577943778098359791701625537731388925901730241834653941070338379953494320983 0.08221126930329376898710932750917069522922131973780069168961668155894822897086788
-0.85307290916055371804650012428937194048798426707332351762264569354036742720351595 0.16528800127466746071253178574049619522921744664906422234406704243907893386552349
-0.51137491831546934945091845841210342019282698746467903829527774186015007806721619 0.26273890678229476437946400619533952621906076396384987930162739089293335428930488
-0.17038058556181697307402522711758833005699700998192617417020448916361475741103784 0.3310489138908567974026615777180013982609878061068014651758306524504254183865726
0.17038058556181697307402522711758833005699700998192617417020448916361475741103784 0.3310489138908567974026615777180013982609878061068014651758306524504254183865726
0.51137491831546934945091845841210342019282698746467903829527774186015007806721619 0.26273890678229476437946400619533952621906076396384987930162739089293335428930488
0.85307290916055371804650012428937194048798426707332351762264569354036742720351595 0.16528800127466746071253178574049619522921744664906422234406704243907893386552349
1.1959577943778098359791701625537731388925901730241834653941070338379953494320983 0.08221126930329376898710932750917069522922131973780069168961668155894822897086788
1.5405348009155458959671103768875791622067474463495426978980832933331324548337801 0.032202101288907829819790793405765268661674575116454129027406914595651214004769104
1.8873416205434848203608957250590331477860751425360685555662982411143592192953318 0.0098795240531885091039332254988676821845780908619390708388904812952174205241012237
2.2369607870543180516898795038442571006117883520797679065930822054796427777501568 0.0023571613945963144718094456723966251169857775150831962853264286959410682390195603
2.5900348706171264605752611738364733122210973891143236618602818493794317860509929 0.00043341227172125499947138249138275097519636452010774000212816969365210348419195773
2.9472857823054792337384667857060846439672464915747174740854014983739603472859587 0.000060719621077883351207630286563533541793821915505672881258847752810020201689110459
3.3095400965109219880398134435151828614871698879984994425854274181493749604440134 0.0000063902459677354268946163648163501639856317530888864139027550460141181726149706419
3.677763316388556876407133729401012744022569805810114629032936176877128304618994 0.00000049636593935798352757612528829688940840774219406785805830062400223143224721146651
4.0531077444247670006156140393720265364927131174444614135573446540002676507139985 0.000000027834715265490756444252980595757046052869396765920336314352022345277500597637395
4.4369817058810309606994352445046995684738424564730218726999489954115927688998573 0.0000000010958052288078415862280801330880199837508582531247241543684102872970204499920889
4.8311536291282759662683655259962578726209863855874957174579877159515193157005057 0.000000000029217288372333569466301892437898059647527026857812715157593769571541206077116608
5.2379158850176499305927186939832357718552043955453332303844556647025767256317665 0.00000000000050327055821840305970752246295837469387588356073950950282944427492648574941882799
5.6603575812830576987471871651446296762949172250951748302487580987003126495195976 0.0000000000000052533377155685611013703239963485484809315564049915663923930944747108191996511674
6.1028523343815266213890340766641057445021408162145335349110697823139859835046621 0.000000000000000030358903478107177635165951387159930983860065668035272418485719182746339353911449
6.5720171713874751026220234707416690022608265311015842824836445764827551173363008 0.000000000000000000084821520800862769186045241136724852892268603559804370644551344725386450528790906
7.0788678730491087219212464033723024636420995171092209285187316373619161257336741 0.000000000000000000000091778906956924076508270269291191670345329063714432103741469930932648934663911894
7.6447832957047418593253203674385651884183937244775568321603483291845972639360284 2.5278698640535659932677607040686301902245539942030145714488391957702581287616692e-26
8.3258093895669312162880573072788099717166001769334279665854879169239627740511592 6.1678589258107142561161215979104203020212794499293224750918008862096820859878608e-31
