-8.4372386310833762836922228833446384736855866911166954733236637755671542298884285 9.4863063412564384378103858855275481141068976562037705757296494178825082063486e-32
-7.7591530847325340407640464057882339167915755709316370801186781576635020551713595 4.3221460599339241002694291279805143072434493764859607290120347094109029026125652e-27
-7.1958276123464342498981301024023728137624486327900393823348158504140737010980412 0.000000000000000000000017203368260282003711223711446558334751633192898112356511763106242888557511536758
-6.6914198727121077472820058322542481049215311236836974457940002524871255285505755 0.000000000000000000017320753790913336853118177853419260786396888280312633421640108589075850192951586
-6.2246289668942206854221888973126110349719555353199275186060870170894283742756279 0.0000000000000000067308117032427445638169775808864362655876701926228834845407962660460629747957783
-5.7844803140775571639971855330279939202557200659708424257237005738086567388727997 0.000000000000001262203220975818566299149821925108163667656470129142326286220147749808647839542
-5.3643829011515566820529832225242551262750283191878072575398853426251219772386322 0.00000000000013092104166584777505204177302219713992332281234372242584904391997186851427254499
-4.9599816751949553142070946461445546033651962192859065351726578635488438918204693 0.0000000000082271061208164924228410438945892732633705183254603389897961630076509583055162829
-4.5682020755441553490864193882466881634029290058281349177391431708284700626482455 0.00000000033407179153175593902083319366060461446898813821688782041364605990578555038867407
-4.1867640213660029217617999114370739596287182533087860871635736261550876876648764 0.0000000091931960675404239441913702098506003448038656692077757156048662860940158970093565
-3.8139101240654274072859802569545368213884876959928377361715692237830709978199522 0.00000017777830445479700960853034446377030522405670680105714384154253929671981632654471
-3.4482424822200031018576225497320977262352601499648028465157099131673830251091494 0.0000024851377424115272375788935577278309572526691536863719191527777168227516390451746
-3.0886190396004187148858855359351490525615713398088669541099770459028754805144783 0.000025680573077056659959395011754725385952689817819285214828440324878532740791274285
-2.73408469453790503895375934879639110663729730894800688648320219570421560307074 0.00019972435671322895564234702373229282565309988778232527170377679779791230986609516
-2.3838237072843598123629002086655408962158658368050826167927817626884099160577499 0.0011860700927674240877469670451113641053025925815402790350742923067250927571102536
-2.0371256888641935768503964448586572776835675720029884523843542672195969631057453 0.0054414552932418168960105701588069328196556871342977227374372762466247742780801568
-1.6933605309399098651652190438884287064695815978902212887571643334591430244868795 0.019468160151101705561965765878233176432920350105515068547855803271895350785172721
-1.3519593686708703714719577159412320308352440674290354962467513953617061370180259 0.054724809081874854392172490392283679884066002234663011167119065703343222172681899
-1.0123996845633197964032754553292300092137677573593903185194938786379933565415266 0.12156737988638807455734971777694124744615439572128945043526200286360604747819553
-0.67419327674231391411566809480852677499462892458203193477241904443315802445333111 0.2143434970018836830129692509218299649289963940500653075932364419780004990546807
-0.33687619662553302459285723545713451323950123486233641038559276474519011634564018 0.3008659938676597896448116788667454962021865426016676220604608433818140657690083
-1.7513140329905290677361145222749685781156972098566676541055997661258148575308236e-86 0.33680296539275271674035101443681925153368499062254474369547386866869102109886173
0.33687619662553302459285723545713451323950123486233641038559276474519011634564018 0.3008659938676597896448116788667454962021865426016676220604608433818140657690083
0.67419327674231391411566809480852677499462892458203193477241904443315802445333111 0.2143434970018836830129692509218299649289963940500653075932364419780004990546807
1.0123996845633197964032754553292300092137677573593903185194938786379933565415266 0.12156737988638807455734971777694124744615439572128945043526200286360604747819553
1.3519593686708703714719577159412320308352440674290354962467513953617061370180259 0.054724809081874854392172490392283679884066002234663011167119065703343222172681899
1.6933605309399098651652190438884287064695815978902212887571643334591430244868795 0.019468160151101705561965765878233176432920350105515068547855803271895350785172721
2.0371256888641935768503964448586572776835675720029884523843542672195969631057453 0.0054414552932418168960105701588069328196556871342977227374372762466247742780801568
2.3838237072843598123629002086655408962158658368050826167927817626884099160577499 0.0011860700927674240877469670451113641053025925815402790350742923067250927571102536
2.73408469453790503895375934879639110663729730894800688648320219570421560307074 0.00019972435671322895564234702373229282565309988778232527170377679779791230986609516
3.0886190396004187148858855359351490525615713398088669541099770459028754805144783 0.000025680573077056659959395011754725385952689817819285214828440324878532740791274285
3.4482424822200031018576225497320977262352601499648028465157099131673830251091494 0.0000024851377424115272375788935577278309572526691536863719191527777168227516390451746
3.8139101240654274072859802569545368213884876959928377361715692237830709978199522 0.00000017777830445479700960853034446377030522405670680105714384154253929671981632654471
4.1867640213660029217617999114370739596287182533087860871635736261550876876648764 0.0000000091931960675404239441913702098506003448038656692077757156048662860940158970093565
4.5682020755441553490864193882466881634029290058281349177391431708284700626482455 0.00000000033407179153175593902083319366060461446898813821688782041364605990578555038867407
4.9599816751949553142070946461445546033651962192859065351726578635488438918204693 0.0000000000082271061208164924228410438945892732633705183254603389897961630076509583055162829
5.3643829011515566820529832225242551262750283191878072575398853426251219772386322 0.00000000000013092104166584777505204177302219713992332281234372242584904391997186851427254499
5.7844803140775571639971855330279939202557200659708424257237005738086567388727997 0.000000000000001262203220975818566299149821925108163667656470129142326286220147749808647839542
6.2246289668942206854221888973126110349719555353199275186060870170894283742756279 0.0000000000000000067308117032427445638169775808864362655876701926228834845407962660460629747957783
6.6914198727121077472820058322542481049215311236836974457940002524871255285505755 0.000000000000000000017320753790913336853118177853419260786396888280312633421640108589075850192951586
7.1958276123464342498981301024023728137624486327900393823348158504140737010980412 0.000000000000000000000017203368260282003711223711446558334751633192898112356511763106242888557511536758
7.7591530847325340407640464057882339167915755709316370801186781576635020551713595 4.3221460599339241002694291279805143072434493764859607290120347094109029026125652e-27
8.4372386310833762836922228833446384736855866911166954733236637755671542298884285 9.4863063412564384378103858855275481141068976562037705757296494178825082063486e-32
