-8.5473375667355391719186064920162137591035835814704698152940543194984307546455637 1.4561153081762318946343927738932508332521616845250289765543754129535454444478996e-32
-7.872108442774851429213685870413939065967955619302142784002633684277868444804386 7.3621261042971013039381317513114856924459720899008942207047508693554908982126851e-28
-7.311295678916331032468050520880225528067922060187662008581108092632718077121561 0.0000000000000000000000032072216919050030256245423796839840026010027942735877953117983353262622164027829
-6.8092552715358328151379820060712716557163316730342575061893854734678227089761926 0.0000000000000000000035121449558365183623605322306067818806771320888497180786192310867099002242223779
-6.3447621648968922702271494824972072671793755642966077909769376439435469752615705 0.0000000000000000014794099758171632650355991618008353139784190431818570913845107753423302596015343
-5.9068817590275462840908557417458025750944800320874186594789848750234075647262181 0.00000000000000030015214029808008167503192539505722712842567710019911579118920436040559465774177
-5.4890481838807427546851659821816955776722473264629164645811132829986028387166772 0.00000000000003365035612792276751099457413348696848418936557931026225638484506266538564344768
-5.086924229758253281557179554475844924542441958105732813548239840101832939843803 0.0000000000022848078971220344472885303029823939985788749528593495213350734828404610032022722
-4.6974492230014397194356655581268696952391473731328126291747874972907279961572633 0.00000000010026000778909169208223490513506760522380671854945256841748939664740600561594202
-4.3183547234421126072963643391066371481824773228469150687361221474791317391412267 0.0000000029831210190396281824065291687255853964920679944256793017815539706449185460428342
-3.9478937115246548131694307227290147690495524146978936865926987776723417478368904 0.000000062427245062814915601772474964763728785570451668312506685287441759862245536532039
-3.5846779931052283911921245084112091179504686191527709211442012328726391675454447 0.00000094545385422855718099613817352508192937623002148381783357399785204813516027322188
-3.2275749742774262785238698379537960309801739283927528155099011258835321230569828 0.000010600171772517672069414749609255515110657684527173634134705210840427225116998772
-2.8756390821704420840174283715858358117932967192226441279025651999835296298551854 0.000089597973640616688600539792386536255007741619331500214049797617727486832968221335
-2.5280644271476650969074144728946991221758499571039457837569924082112275285189997 0.00057942043271566377619046199925277422373951063772405137933347742358218009964600425
-2.1841510195665262685937367797700840848172596852785227444008406117499813272025651 0.0029012937752966246764521998242959107906306560180081378303980062925897686909719015
-1.843279920617610156392070120451584154491820326037671720103155142301556088269938 0.011357866939069945748000093616293863018427560523521917023846316957539169828633053
-1.5048944344828715445835273550556706488973078698989651240874626814496289023293426 0.035033757109687082098840829788292223522274852045466784751358173005587749589274948
-1.1684854631902054980538483260056672405769657235534778683933674717815630420662193 0.085670187300246279908707254487706194291480116345700038471930356410968000835308521
-0.83357976100207343308802989429069789134549842667750655227592666820782159324058221 0.16686716582564604927365015255131443156415567768942755975844979275699721989676806
-0.49973020830067431851081801830929375814707439724357993822217559129068325662855154 0.25977339611588805302023943862026650383950437135311296769224922087300999056544159
-0.16650746707363238827938348922730434912424066420883980473052846878468108362063753 0.32394262884199610269720129981594227477931393331715407659957988088413841026668896
0.16650746707363238827938348922730434912424066420883980473052846878468108362063753 0.32394262884199610269720129981594227477931393331715407659957988088413841026668896
0.49973020830067431851081801830929375814707439724357993822217559129068325662855154 0.25977339611588805302023943862026650383950437135311296769224922087300999056544159
0.83357976100207343308802989429069789134549842667750655227592666820782159324058221 0.16686716582564604927365015255131443156415567768942755975844979275699721989676806
1.1684854631902054980538483260056672405769657235534778683933674717815630420662193 0.085670187300246279908707254487706194291480116345700038471930356410968000835308521
1.5048944344828715445835273550556706488973078698989651240874626814496289023293426 0.035033757109687082098840829788292223522274852045466784751358173005587749589274948
1.843279920617610156392070120451584154491820326037671720103155142301556088269938 0.011357866939069945748000093616293863018427560523521917023846316957539169828633053
2.1841510195665262685937367797700840848172596852785227444008406117499813272025651 0.0029012937752966246764521998242959107906306560180081378303980062925897686909719015
2.5280644271476650969074144728946991221758499571039457837569924082112275285189997 0.00057942043271566377619046199925277422373951063772405137933347742358218009964600425
2.8756390821704420840174283715858358117932967192226441279025651999835296298551854 0.000089597973640616688600539792386536255007741619331500214049797617727486832968221335
3.2275749742774262785238698379537960309801739283927528155099011258835321230569828 0.000010600171772517672069414749609255515110657684527173634134705210840427225116998772
3.5846779931052283911921245084112091179504686191527709211442012328726391675454447 0.00000094545385422855718099613817352508192937623002148381783357399785204813516027322188
3.9478937115246548131694307227290147690495524146978936865926987776723417478368904 0.000000062427245062814915601772474964763728785570451668312506685287441759862245536532039
4.3183547234421126072963643391066371481824773228469150687361221474791317391412267 0.0000000029831210190396281824065291687255853964920679944256793017815539706449185460428342
4.6974492230014397194356655581268696952391473731328126291747874972907279961572633 0.00000000010026000778909169208223490513506760522380671854945256841748939664740600561594202
5.086924229758253281557179554475844924542441958105732813548239840101832939843803 0.0000000000022848078971220344472885303029823939985788749528593495213350734828404610032022722
5.4890481838807427546851659821816955776722473264629164645811132829986028387166772 0.00000000000003365035612792276751099457413348696848418936557931026225638484506266538564344768
5.9068817590275462840908557417458025750944800320874186594789848750234075647262181 0.00000000000000030015214029808008167503192539505722712842567710019911579118920436040559465774177
6.3447621648968922702271494824972072671793755642966077909769376439435469752615705 0.0000000000000000014794099758171632650355991618008353139784190431818570913845107753423302596015343
6.8092552715358328151379820060712716557163316730342575061893854734678227089761926 0.0000000000000000000035121449558365183623605322306067818806771320888497180786192310867099002242223779
7.311295678916331032468050520880225528067922060187662008581108092632718077121561 0.0000000000000000000000032072216919050030256245423796839840026010027942735877953117983353262622164027829
7.872108442774851429213685870413939065967955619302142784002633684277868444804386 7.3621261042971013039381317513114856924459720899008942207047508693554908982126851e-28
8.5473375667355391719186064920162137591035835814704698152940543194984307546455637 1.4561153081762318946343927738932508332521616845250289765543754129535454444478996e-32
